-0.973163,-0.130465,-0.071615,0.024646,0.048287,0.002017,0.022475,0.004332,-0.010239,-0.027962,-0.015148,-0.034603,-0.015624,-0.035552,-0.007260,0.010666,-0.010090,-0.037769,-0.003484,-0.046868,-0.037963,0.062618,-0.032609,-0.019039,0.046409,0.034192,0.023493,-0.008649,0.001557,0.006180,0.015807,-0.002317,0.013873,-0.001175,-0.007639,0.003868,-0.001465,-0.027070,0.004158,0.018243,-0.014186,0.014842,0.000049,-0.003512,0.017301,0.004549,0.009910,-0.014891,-0.012505,0.004820,0.000757,-0.016549,0.006763,0.013129,-0.003168,0.000819,-0.020117,-0.007051,-0.011272,0.002750,-0.014606,0.000267,-0.020055,-0.004435,0.002702,-0.002196,0.010394,-0.015169,0.004797,0.003118,0.005296,-0.003962,0.005625,-0.011836,0.000725,-0.006563,-0.002324,0.014124,0.007554,-0.005569,0.006380,-0.000594,-0.001831,0.008903,0.007888,0.006397,0.008740,0.002715,0.004629,-0.010440,0.000130,0.010801,-0.002409,0.004764,-0.000823,-0.011039,-0.008918,-0.003878,-0.005724,-0.000855,0.002334,0.010786,-0.004544,0.004860,-0.012752,0.006823,-0.001232,-0.002709,0.005831,-0.005412,0.004554,-0.003402,-0.000551,-0.006016,-0.010928,-0.002599,-0.003396,-0.000208,0.001588,0.003352,-0.003127,0.006596,0.002462,0.001069,0.004183,-0.005921,-0.012187,-0.005656,0.000689,-0.006949,-0.002909,-0.007234,0.004305,0.001119,0.007326,0.001236,-0.000816,-0.000038,-0.004192,-0.001630,0.000745,-0.002298,0.005510,0.001936,0.005443,0.007065,-0.004066,-0.000668,0.000311,0.004510,0.011249,-0.000118,0.001344,-0.002330,0.001771,0.000433,0.001550,0.007196,-0.003379,-0.000676,0.000190,0.002295,0.002546,0.000984,-0.001441,-0.000116,0.005674,0.000204,-0.001186,-0.001518,-0.001782,-0.001036,-0.000607,0.004329,0.002804,0.002419,0.000666,-0.007322,-0.003105,-0.000613,0.002848,-0.000466,0.000151,-0.003927,-0.000358,0.002517,0.002596,-0.000520,0.000727,-0.000408,-0.004543,0.004491,-0.000460,-0.000308,0.000621,0.006143,0.002050,-0.001610,0.005557,-0.000599,0.000705,0.003133,-0.001340,0.007082,-0.000323,-0.003778,-0.001783,0.000597,0.000678,-0.000941,-0.000184,0.003325,0.003312,0.001533,0.001793,-0.001334,0.001069,-0.002037,0.001090,0.003385,0.002981,-0.004769,-0.002852,0.001338,0.000847,0.000632,0.002028,0.003991,-0.003701,-0.002342,-0.000805,-0.000893,0.000669,0.003400,-0.004500,-0.002949,-0.001361,-0.001257,-0.007434,-0.003910,-0.000045,0.001199,0.000780,-0.005729,-0.000289,-0.000854,0.004086,0.001106,0.001203,0.001590,-0.002916,-0.001283,-0.002030,0.004151,-0.003125,0.000765,-0.001846,0.003280,-0.000569,-0.001920,0.002902,0.001783,-0.003416,0.001712,0.000918,-0.003336,0.003946,0.001277,0.000639,0.002094,0.001255,-0.002933,-0.001383,-0.002374,-0.001198,0.002420,0.000439,-0.000299,-0.002718,0.000717,-0.000892,0.001092,0.002063,0.002037,0.001461,-0.003505,-0.000039,0.000085,0.002934,0.001771,0.003647,0.000174,0.002075,-0.000992,0.002263,0.001825,0.003727,-0.003439,0.000486,0.003363,1.000000
-0.842900,0.147906,-0.212517,0.093892,0.176246,0.052368,0.117970,-0.000157,0.129493,-0.101524,-0.094369,-0.069111,0.038077,-0.065948,-0.051166,0.078307,0.011244,-0.072039,-0.038837,-0.081072,-0.039888,0.128819,-0.039500,-0.060794,0.115036,0.082741,0.062451,-0.079619,0.038483,0.019937,0.019518,-0.011189,0.013426,0.017572,0.025542,0.020166,-0.056597,0.008436,0.014414,0.002606,-0.004247,0.034092,0.024627,-0.000808,0.007212,-0.014851,0.004810,-0.029584,-0.023644,0.037200,0.048398,-0.042396,0.025257,-0.010168,-0.000034,-0.012163,-0.009924,0.012090,-0.022816,0.012049,-0.040362,0.006838,-0.003162,0.008089,0.009456,0.024682,0.002870,0.002987,-0.014316,0.020860,0.017291,-0.015835,0.036001,-0.022933,0.025418,-0.016779,-0.014370,0.013436,0.010731,-0.007811,-0.005094,0.000593,-0.016772,-0.010868,0.010850,0.020437,0.015978,0.025965,0.000693,-0.020065,-0.000949,-0.001538,-0.010016,-0.010524,0.014537,0.011471,-0.030552,0.009250,-0.012067,-0.015509,-0.014602,0.016762,-0.013750,0.013597,-0.011497,0.009958,0.016266,0.016911,0.015659,-0.020473,0.014072,0.020870,-0.004936,0.005911,-0.038348,0.000996,-0.001852,0.007011,0.013603,0.001535,-0.027728,-0.009296,0.014085,-0.003945,0.005897,0.003701,-0.012435,-0.009617,-0.000667,-0.002324,-0.005779,-0.011322,0.013207,0.007814,-0.000397,0.001804,0.004490,0.015222,0.010254,-0.018221,-0.010046,-0.006488,0.011254,0.006297,0.004880,-0.003914,0.007902,-0.001264,0.003921,0.008324,0.016660,-0.009414,0.000491,-0.000489,-0.000559,0.002856,-0.007343,0.010250,-0.005976,-0.008197,-0.009695,-0.012704,-0.007551,0.002214,-0.010685,-0.002029,0.004100,-0.005832,0.004460,0.007456,-0.006734,0.008142,0.012768,0.010174,-0.003546,0.006198,0.000613,-0.004898,-0.006138,-0.008362,0.007151,0.005490,0.000005,-0.006064,-0.008517,0.002924,-0.005418,0.003227,-0.000085,-0.000064,0.000741,0.000849,-0.010913,-0.006021,-0.001709,0.003677,-0.010659,0.001981,0.009433,-0.015883,-0.004735,-0.005888,0.004896,0.001569,0.003247,-0.010695,-0.012560,0.006952,0.000929,0.000736,-0.003938,0.019246,-0.002538,-0.001078,-0.000973,0.007990,-0.007066,0.000373,0.004089,0.011424,0.003662,-0.005898,0.003930,-0.007998,0.004911,0.001947,0.002242,0.010975,-0.006228,0.000238,0.000738,-0.009879,0.008859,-0.008482,0.000836,0.000307,-0.012840,0.005536,-0.013397,-0.001530,0.007379,0.001221,-0.006438,-0.006678,-0.005552,-0.003789,-0.005741,0.016154,-0.004303,0.001722,0.004436,-0.004026,-0.000337,-0.001563,0.000676,-0.003214,-0.003957,0.001048,-0.008234,0.003752,0.003754,-0.006931,-0.006681,0.002011,0.008303,-0.008184,0.007187,-0.004935,0.008438,0.010564,-0.007088,-0.004884,0.001602,0.003447,0.005559,-0.001263,-0.002016,-0.000318,0.003672,0.003974,-0.003749,0.001157,-0.002796,0.002793,-0.002138,0.003747,-0.001890,-0.001188,0.000639,0.007379,0.005153,0.001363,0.000222,-0.005178,0.009898,-0.004938,0.003158,-0.003813,-0.006669,-0.000493,2.000000
-0.847463,0.057780,-0.371803,-0.180217,0.008938,-0.014143,0.089272,0.011324,-0.026988,-0.022935,-0.007928,-0.067652,0.020911,0.015301,0.006631,0.111107,0.023491,-0.047271,-0.024353,-0.011455,-0.075481,0.104771,-0.039245,-0.034228,0.135963,0.035753,0.024427,-0.041597,0.017808,0.030558,0.018392,-0.028216,0.050193,-0.015737,-0.019468,0.019473,-0.022524,-0.006308,-0.005793,0.021400,-0.008254,0.014616,0.018024,0.001207,0.039196,-0.018801,0.031969,-0.005408,-0.021300,-0.005423,-0.004468,-0.044326,-0.038525,-0.001305,-0.033096,0.007193,-0.023377,0.024444,-0.010197,-0.017234,-0.008650,0.025441,-0.017349,-0.006761,-0.009188,0.015257,0.014308,0.006178,0.014892,0.014367,-0.002542,-0.002117,0.016392,0.007958,-0.003978,0.000463,0.002844,-0.012991,0.005737,0.007781,-0.009583,-0.005280,-0.016387,0.010975,0.016578,-0.009320,0.007441,0.008287,0.002185,-0.021726,0.011834,0.007024,-0.011343,0.008224,-0.008934,-0.016288,-0.010281,-0.000733,-0.004254,0.016201,-0.014267,0.002716,-0.026301,0.011057,-0.024533,-0.012059,0.018300,-0.022911,0.018164,0.007032,0.020510,-0.005745,0.013611,0.012444,-0.012663,-0.011251,-0.012793,-0.012862,0.007298,-0.002540,-0.011915,-0.004212,-0.003153,-0.004574,0.003568,-0.020173,0.001186,-0.002995,-0.003142,-0.023988,-0.007209,-0.013816,0.010753,-0.012790,0.015777,-0.003182,-0.007425,0.003914,-0.010008,-0.001182,-0.012408,0.005526,-0.011456,-0.001392,-0.001020,0.012109,0.006538,-0.002731,-0.002552,0.014833,0.012882,-0.003813,0.014062,-0.007634,0.001439,-0.003111,-0.003516,0.007726,-0.021664,-0.011331,0.007767,0.005668,-0.007830,0.010347,-0.006746,0.009356,-0.000295,0.006415,0.002847,-0.007975,0.007131,0.005632,0.006764,0.000431,-0.007509,0.010265,0.008173,-0.004924,0.004320,-0.007469,0.004852,-0.014144,0.000077,0.002066,0.006639,-0.007278,-0.001308,-0.002717,-0.006838,-0.009997,-0.013457,0.015792,-0.005414,-0.000304,0.007280,0.006459,-0.003093,0.001325,0.017978,-0.002333,0.001128,-0.006214,0.003272,0.008418,-0.005687,-0.010983,0.004641,0.000060,0.005409,0.007493,-0.003383,0.010584,0.006876,-0.000642,0.002303,0.001118,0.000403,0.000681,-0.003374,0.001265,0.002684,0.002171,-0.011517,0.000183,-0.011720,-0.000078,0.004532,0.000062,-0.006416,-0.010116,0.000428,-0.001348,0.000959,-0.002277,0.007009,0.001364,-0.005057,-0.003656,-0.005046,-0.006645,-0.002170,0.000588,-0.004330,0.006992,0.005846,-0.001151,0.001196,0.001921,0.004113,0.004975,-0.001955,-0.001343,0.002245,0.006154,-0.005813,-0.000529,0.000566,0.003857,0.004196,0.004149,-0.003725,0.000307,-0.003743,0.005914,0.000691,-0.006545,0.012938,-0.001856,0.004531,0.004219,0.000301,0.002323,-0.007425,-0.004366,0.005936,-0.002899,-0.005466,0.002559,0.002259,0.001968,0.000718,-0.003681,0.001119,0.006877,0.001227,-0.004256,0.005402,0.002951,-0.001549,0.003888,0.002856,0.001571,0.004804,0.002312,-0.000639,-0.003044,0.000675,-0.005216,-0.001001,-0.001394,2.000000
-0.833826,-0.158878,-0.115654,0.198133,0.022390,0.236003,0.145704,0.053482,0.128095,-0.046390,-0.048595,-0.033535,-0.008266,0.009656,-0.005088,-0.004881,-0.053022,-0.074118,-0.097249,-0.028571,-0.160462,0.057290,-0.046503,-0.035497,0.095295,0.023240,-0.015803,-0.015636,0.017859,-0.018130,0.063314,0.032151,0.067261,-0.018475,-0.091023,-0.016869,-0.040715,0.004146,-0.027965,0.044733,-0.005170,0.006419,-0.009658,0.000865,0.026704,0.007192,0.034814,-0.025690,-0.017141,0.036575,0.020264,-0.029065,0.025384,0.010016,0.023114,-0.001150,-0.022429,-0.029426,-0.034769,0.020792,-0.007097,-0.017294,-0.021061,-0.019810,-0.010800,0.023510,0.023070,-0.007316,-0.007841,0.026241,-0.006913,0.001201,0.021051,0.011556,-0.002624,0.023290,0.012336,-0.013103,0.017456,-0.030660,-0.005270,-0.019810,0.011492,-0.017767,0.006289,0.015346,0.028306,0.021366,-0.013060,-0.012134,0.016109,0.002505,-0.010495,-0.007240,-0.008492,-0.027429,0.003045,0.003630,-0.017364,-0.012354,-0.010178,0.028445,-0.030137,-0.008321,0.008609,-0.014051,0.023743,-0.002474,0.016336,-0.001973,0.026126,0.009338,-0.043528,0.005868,-0.006718,-0.016319,-0.014165,-0.034681,-0.009750,-0.012277,-0.007569,0.006435,-0.016564,-0.002968,-0.005644,-0.006588,-0.014183,-0.020816,-0.008908,0.003829,0.003906,-0.007869,0.015014,-0.021114,-0.001232,0.019632,-0.013390,0.004443,-0.001512,-0.020989,-0.007882,-0.000334,0.008905,0.012764,0.003571,0.025836,-0.005140,0.004594,-0.005985,0.008781,0.020624,-0.008793,0.019906,-0.012135,-0.003225,-0.005279,-0.005965,0.003583,0.001031,-0.005465,-0.014203,-0.014886,0.005127,0.000670,-0.006240,-0.010057,0.017454,0.003145,0.001475,-0.003069,0.002783,-0.009716,0.005503,0.008683,-0.003295,-0.001616,0.008529,-0.009631,-0.019981,0.008391,0.005258,-0.006551,0.004003,0.008888,0.005800,0.003667,-0.002981,0.006321,0.002727,-0.001009,0.002046,0.014588,-0.016133,-0.006121,0.000151,0.015116,-0.007986,0.007622,0.008802,-0.009275,0.002655,-0.009360,-0.010949,0.001522,0.000175,-0.006977,-0.003971,-0.015890,-0.006464,0.001344,-0.001232,0.007349,-0.004907,0.002209,0.005601,0.002456,0.003668,-0.009977,-0.002758,0.010568,-0.000931,-0.002897,-0.002923,0.003992,-0.009275,0.002379,0.000118,-0.001489,-0.000160,-0.009030,-0.001384,-0.011728,0.007172,0.006690,0.000139,-0.007006,-0.005912,-0.002774,-0.007036,-0.006700,0.009080,-0.002530,0.003385,-0.004167,0.003723,0.004207,0.008361,-0.007832,-0.005273,0.013950,-0.003132,-0.000743,-0.003124,0.002241,0.001449,-0.008555,0.004454,0.006408,-0.000558,0.001513,0.002928,-0.005633,0.001298,0.011719,0.003872,-0.009548,0.001491,0.001501,0.004083,0.007679,0.000972,-0.000971,-0.000956,-0.007310,0.006292,0.004843,-0.006222,-0.015348,-0.004324,0.001825,-0.001960,0.005961,-0.001804,-0.001530,0.001529,-0.003059,-0.001924,-0.003916,-0.003684,-0.004098,0.000168,0.005362,0.005502,0.000035,0.002883,-0.002457,0.000552,0.004273,0.001047,-0.003095,1.000000
-0.810547,-0.314646,-0.063081,0.056488,0.215311,-0.007242,0.256784,0.062295,-0.035491,-0.005353,-0.101400,-0.003071,0.080139,0.002939,-0.048174,0.053011,-0.034671,-0.041001,-0.077294,-0.049534,-0.044107,0.102743,-0.007086,-0.006752,0.141791,0.052772,0.032689,-0.028671,0.009610,0.021361,-0.000185,-0.001902,-0.012683,-0.031140,0.022732,-0.020225,-0.033833,-0.030849,0.019781,0.017475,-0.025296,0.030758,-0.014782,0.034804,0.035874,-0.058103,0.004030,-0.017726,0.007702,0.013418,0.001516,-0.026550,0.015803,0.052722,-0.001868,-0.012073,-0.046597,-0.008037,-0.005509,0.000363,-0.072622,0.017617,-0.012260,0.003311,-0.012639,0.015923,-0.001838,-0.011128,0.016656,-0.009032,-0.004391,-0.010124,0.017961,-0.041382,-0.004171,0.002592,-0.016263,0.011070,0.012654,-0.007084,-0.019122,-0.001546,0.002840,0.004205,0.001077,0.011143,0.028401,-0.001189,-0.000207,-0.029258,0.009239,0.009165,0.001424,0.014870,0.005020,-0.003729,0.001511,-0.027089,-0.005911,0.002237,-0.014957,0.021089,-0.030512,-0.006579,0.005248,-0.018167,-0.012025,-0.001432,0.018561,-0.011768,0.008580,-0.012692,-0.004441,0.005074,-0.010923,0.007051,-0.012565,0.003268,-0.022375,0.014056,-0.007597,-0.013311,0.000306,0.000065,-0.006931,-0.011175,-0.016805,-0.001783,-0.000711,-0.016716,-0.020410,-0.020494,0.005003,-0.003797,-0.011890,0.007205,-0.011881,-0.012693,-0.003754,-0.004513,-0.005592,-0.000447,0.005361,0.012719,0.007719,0.008920,0.000046,-0.005650,-0.006603,-0.005322,0.007107,-0.008792,0.003805,0.000106,-0.001616,-0.003921,-0.011202,0.014599,-0.004202,-0.011124,-0.025297,-0.011251,-0.000104,0.011557,-0.004057,-0.018076,0.016493,-0.010418,-0.008070,-0.006874,0.004088,0.001817,0.014072,0.014337,0.004645,0.009639,-0.006414,-0.007436,-0.009444,0.009614,0.002372,-0.001100,0.006852,-0.005716,-0.003312,0.009091,0.000166,0.011986,-0.007752,-0.004580,0.004708,0.005631,-0.004819,0.008123,0.010648,-0.002514,-0.008483,-0.005698,0.017640,-0.005739,0.003609,-0.006141,-0.014648,0.006799,-0.005359,-0.000934,0.000942,-0.007232,0.014225,0.005287,-0.008506,0.015027,0.003784,-0.007102,-0.003614,-0.003958,-0.002430,-0.014119,-0.004533,0.008751,0.005086,-0.006949,0.000646,0.014813,-0.006109,0.000499,0.005030,0.005818,-0.014375,-0.008123,-0.015340,-0.004734,-0.000402,0.008307,-0.002314,0.001983,-0.003439,-0.001308,-0.013555,-0.003385,0.014433,0.008194,-0.004296,-0.000705,-0.015147,0.001125,0.014662,0.003889,-0.007480,0.005150,0.011129,-0.003553,0.001656,0.002991,0.001487,-0.005224,-0.001366,0.002120,-0.003295,-0.000211,0.013678,-0.003804,0.002808,-0.003635,0.000937,-0.007294,0.008038,-0.001809,0.003935,0.003829,0.003889,0.005821,-0.010446,-0.004908,0.004348,0.012769,0.000042,0.007629,-0.009244,0.001427,-0.006342,-0.005906,0.004509,-0.003423,0.001423,-0.003521,0.010080,0.003395,0.005950,0.002706,0.006048,0.007681,0.009833,-0.002723,0.000187,0.003850,-0.003211,-0.000353,0.004177,0.010102,1.000000
-0.916415,0.144981,0.062897,-0.205401,0.027185,0.014997,0.070506,0.010571,0.008145,0.059025,-0.076756,-0.022567,0.015613,0.006245,0.005729,0.087372,0.029741,-0.031551,-0.033174,-0.025698,-0.095130,0.104446,-0.021506,-0.031514,0.127112,0.043429,-0.003003,-0.004926,0.020173,0.021266,0.027217,-0.016841,0.022007,-0.005324,-0.011976,0.006962,-0.033657,-0.013932,0.010534,0.012318,-0.023210,-0.001052,0.029565,-0.000356,0.029306,-0.036480,0.004404,0.007407,-0.027386,0.008396,-0.008055,-0.041167,-0.034657,0.000033,-0.012082,0.005476,-0.026809,0.010607,-0.011506,-0.010971,-0.016963,0.003085,-0.008013,-0.014706,0.000462,0.027127,-0.000009,0.015347,-0.006922,-0.000732,0.007573,-0.008656,0.009943,-0.014341,-0.011230,0.014617,0.006129,-0.010030,0.012673,0.006671,-0.011918,-0.017771,-0.011455,0.016416,0.000121,0.002151,0.001505,0.009703,0.006635,-0.015283,0.019035,0.000418,-0.006212,0.010335,0.008636,-0.011187,-0.001560,-0.009741,0.005319,0.012893,-0.000961,0.018742,0.000033,-0.005583,-0.017813,-0.001136,0.010208,-0.011166,0.022103,-0.004114,0.009593,-0.003805,0.001026,0.009986,-0.012494,-0.003075,-0.001238,0.000138,0.004191,0.002376,-0.012204,0.012438,-0.003120,-0.010935,0.008143,-0.021961,-0.027103,-0.010506,-0.002358,-0.005006,-0.019153,-0.000892,0.010745,-0.009674,0.008452,0.001586,-0.002205,0.010919,0.006081,-0.005188,-0.009954,0.004772,0.004406,0.007740,-0.009537,0.007314,-0.005738,-0.003038,0.001965,0.000111,0.013869,0.001074,-0.005449,-0.005323,-0.008059,-0.003168,-0.000245,-0.001716,0.001080,0.005794,0.002175,-0.004254,0.006504,0.002826,-0.003384,-0.007341,0.011085,-0.000676,-0.001371,0.005211,0.006520,-0.001377,0.003994,0.011911,-0.001646,-0.000089,0.001294,0.001390,-0.004226,-0.002479,0.007621,-0.003213,0.000973,0.002977,0.005038,0.002718,0.003726,-0.002921,0.001000,0.000498,-0.006400,-0.000485,0.001253,0.002550,0.001743,0.005099,-0.000975,-0.002191,0.002912,-0.003607,0.002261,-0.001165,0.006666,0.007644,0.002031,-0.001457,-0.004740,0.004245,-0.002202,-0.002197,-0.001432,0.000561,0.005763,-0.003133,0.001850,0.005114,-0.004506,0.004856,-0.003539,0.007786,0.006319,-0.004358,-0.010481,-0.001328,-0.000018,0.001897,0.004013,-0.001083,-0.006149,-0.006310,-0.004585,-0.001837,0.000498,-0.000157,0.000088,-0.009741,-0.003409,-0.007947,-0.011234,-0.003681,-0.000994,0.000635,0.007975,-0.004138,0.001220,-0.000724,-0.001641,0.002940,0.000709,0.008974,-0.004124,-0.008679,-0.001527,-0.000029,0.000095,-0.004213,0.003960,-0.000826,-0.003547,0.006292,0.000474,-0.003937,-0.000649,-0.001820,0.000121,-0.001174,0.003490,-0.006829,0.001190,0.011032,-0.002781,-0.007528,-0.000599,-0.006375,-0.000622,0.003618,0.003105,-0.002612,-0.004171,0.005982,-0.002033,0.001174,-0.005982,0.006269,0.004582,-0.001829,-0.005671,0.004584,-0.002060,-0.006969,0.003276,0.004386,0.001054,0.001344,0.000281,0.004564,-0.006877,0.003418,0.001408,0.002173,2.000000
-0.873441,-0.017074,-0.183957,-0.016621,0.109582,0.034991,0.022385,-0.000540,0.099360,0.025207,-0.157552,0.026596,0.104774,-0.053035,-0.009981,0.084775,0.031269,0.032804,-0.006355,-0.099034,-0.095908,0.124688,-0.038549,-0.080849,0.121758,0.044283,0.027221,-0.017825,0.019072,-0.006810,-0.018712,0.009893,0.049448,-0.025777,-0.014164,0.032413,-0.074716,-0.038100,0.011217,0.014831,0.003117,0.001570,-0.001948,0.010010,0.022838,-0.032325,0.047667,-0.023144,-0.055904,0.025589,-0.011066,-0.067836,0.001242,0.021468,0.006957,-0.004159,-0.039341,0.080974,0.000079,0.016454,0.007996,-0.010254,0.019554,-0.007914,-0.003662,-0.007208,0.014846,-0.018829,-0.005089,0.012840,0.035939,0.000315,0.002896,-0.001253,-0.011043,-0.005514,0.002386,0.011728,0.025466,-0.009160,0.003627,0.010058,0.009123,0.001957,0.026928,0.042972,0.039143,-0.007183,-0.027843,-0.019655,0.007638,0.019005,-0.024369,-0.021891,-0.013531,-0.026452,-0.022495,-0.002004,-0.004732,-0.025023,0.011667,-0.004752,-0.027805,-0.000850,-0.008663,-0.015466,-0.036207,-0.014755,-0.006105,-0.023051,-0.006020,-0.003135,0.003202,0.004380,0.011876,-0.019920,-0.009654,-0.009636,0.000328,0.022818,-0.027505,-0.011370,-0.006847,0.017110,0.010648,-0.017900,-0.017887,-0.025635,-0.023645,-0.001650,-0.011602,-0.023687,-0.005108,-0.009659,0.007249,-0.007144,-0.007185,0.007701,0.019347,0.012318,0.000656,0.007268,0.012980,-0.025314,-0.014950,0.012698,-0.008823,-0.003569,-0.021288,0.012728,-0.005449,-0.014129,0.011780,-0.011020,0.001648,0.002287,0.005286,0.010912,-0.000411,-0.005239,0.005414,-0.009562,0.000698,-0.000460,0.000311,0.000997,-0.003047,-0.013974,-0.008395,0.005833,-0.004936,-0.000241,0.008665,-0.003416,0.009528,0.013592,-0.006511,-0.023497,-0.019099,-0.013433,0.004208,-0.002739,0.003664,0.016041,-0.002621,0.005277,-0.002625,0.004530,-0.004827,-0.009907,-0.022013,0.005499,0.000778,-0.026039,0.017238,0.012285,0.010625,0.006338,0.006428,-0.011277,-0.005244,-0.000779,0.000434,0.005650,0.014095,-0.001788,0.007670,-0.017003,0.010615,-0.001334,0.011774,0.013321,-0.001653,-0.007388,0.001767,-0.003780,-0.003770,-0.005316,-0.005815,0.006230,0.002483,0.011636,-0.011816,0.001216,-0.002253,0.005902,0.009732,0.007148,-0.015422,-0.006584,-0.008522,-0.003085,-0.006947,0.003854,-0.005192,-0.007128,-0.027836,-0.003790,-0.015241,0.002695,0.010853,-0.005027,0.002000,-0.011203,0.005072,-0.000397,0.005792,0.002309,0.004599,0.000768,-0.000593,-0.003080,-0.007931,0.011337,-0.003372,-0.003134,-0.007303,0.004350,-0.005776,0.009275,0.002084,-0.005496,-0.005226,0.002415,0.007885,-0.003775,0.002288,-0.008180,0.001612,-0.000124,-0.003087,-0.008566,0.002674,-0.011348,0.002887,0.000998,0.016590,-0.001537,-0.000104,-0.000092,-0.014473,-0.006825,0.000693,0.006614,0.000027,-0.002927,0.004326,0.005323,0.008699,-0.004719,0.008602,0.007528,0.009505,-0.005495,0.003131,-0.000972,0.009260,0.000111,0.005562,0.000711,2.000000
-0.834550,-0.256763,-0.098755,0.220545,0.060699,0.040985,0.163951,-0.045801,0.043907,-0.094042,-0.146407,-0.003902,-0.033516,-0.048712,-0.012236,0.064194,-0.050770,-0.008563,0.014020,-0.056383,-0.115243,0.133770,-0.078235,-0.072652,0.087782,0.053309,0.008171,-0.036115,0.027780,0.012585,-0.024585,-0.031677,0.055808,-0.055165,-0.031350,-0.001472,-0.032416,-0.004962,0.014601,0.061374,-0.005927,0.017847,0.011058,-0.001217,0.037424,0.014182,0.043591,0.000481,-0.023512,-0.034727,0.003697,-0.021607,0.017436,0.031072,-0.019006,-0.006286,-0.015917,0.020197,0.000210,0.013583,-0.011942,-0.017374,-0.028522,0.002387,0.019097,0.021759,0.011966,0.009266,0.001256,0.013703,0.012324,-0.017356,0.033291,-0.028215,-0.001514,-0.004477,-0.011609,0.018715,-0.022836,-0.020425,0.005702,0.002053,-0.023547,-0.012804,0.002366,0.003243,0.016700,0.011565,-0.007341,-0.007381,-0.004919,0.003698,-0.021841,0.003945,-0.000038,-0.020916,-0.016140,-0.005813,-0.014248,-0.012571,-0.003096,0.025784,-0.003570,-0.004574,-0.007988,-0.009044,-0.003660,-0.022269,0.002985,-0.003190,0.011266,-0.010425,-0.000247,0.011865,-0.015766,-0.002917,-0.018365,0.015378,-0.001299,0.009626,-0.013326,-0.009915,-0.007435,-0.019588,0.004346,0.002852,-0.008648,-0.019582,-0.008699,0.001757,-0.015918,-0.026838,0.004450,-0.007982,0.000347,-0.008596,0.008641,-0.001407,-0.008362,-0.009116,-0.003296,0.002720,0.019421,0.008958,-0.002366,0.014365,0.001758,-0.000591,0.003777,0.004150,0.012036,-0.004473,-0.001735,-0.012142,-0.000587,-0.000241,0.010529,0.013096,-0.015876,0.001023,-0.001896,-0.002295,0.008020,-0.007361,-0.003616,-0.012625,0.006610,-0.000871,0.001176,-0.000512,-0.007945,0.010037,0.008832,0.016285,-0.000765,0.007093,0.003660,-0.006172,-0.008940,0.001252,0.001260,-0.007001,0.005586,0.001982,0.002204,0.003516,0.013874,0.001569,-0.013898,-0.009669,0.001126,0.010132,-0.001564,-0.002282,0.006034,0.010902,-0.009574,0.001602,0.011220,-0.008115,0.001821,-0.000219,0.002252,0.005514,0.004792,-0.009019,-0.002044,-0.002522,0.008393,-0.001060,-0.008022,-0.001840,0.013777,0.003068,-0.005479,0.003858,-0.003800,0.003837,-0.006829,0.003191,0.003032,-0.005084,-0.008559,0.007835,0.002698,0.001490,0.007674,0.008418,-0.002954,-0.002036,-0.002719,-0.003155,0.001202,-0.002273,-0.006256,0.000946,-0.001615,-0.000911,-0.011310,0.002842,0.001833,0.000898,0.002682,-0.002850,0.004927,-0.002479,0.003764,0.009728,-0.001279,0.006480,0.000111,0.000824,-0.001326,0.006468,-0.000187,-0.000718,0.003853,0.006989,-0.000626,0.000170,0.005808,-0.002235,-0.005514,0.000602,0.001083,-0.004734,0.005810,-0.002502,0.000191,0.009719,0.003240,0.000142,-0.000292,-0.004510,-0.009812,0.010537,0.003485,-0.003778,0.000993,0.002973,-0.000347,-0.002898,-0.003452,0.006887,-0.004296,-0.001478,0.007090,-0.006865,0.007213,0.004039,0.002067,0.011728,0.008046,0.005578,0.000137,-0.003938,-0.000696,0.007585,0.004805,0.004984,1.000000
-0.849846,-0.216226,-0.124119,0.018898,0.203642,0.084764,0.077216,0.068281,0.081011,-0.094323,-0.092238,-0.050309,0.038694,0.045210,-0.087898,-0.024527,-0.023153,-0.019904,-0.118116,-0.033002,-0.150900,0.022577,-0.089203,-0.048510,0.108798,0.002692,0.019305,-0.000987,0.005722,-0.000076,0.048282,-0.027187,0.048976,0.040459,-0.033275,0.018621,-0.025045,0.014268,0.016523,0.020600,-0.042072,0.044546,0.023023,0.030404,0.025742,-0.004611,0.037047,0.017222,-0.019592,0.003783,0.017936,-0.013128,0.002952,0.036822,-0.005434,-0.007520,-0.037709,-0.008969,-0.017163,0.004265,-0.024636,-0.036667,-0.059169,0.016004,-0.012260,-0.010273,-0.001425,0.004533,-0.004439,-0.014404,0.010820,-0.010347,0.037975,-0.019541,0.018626,0.002624,0.011724,-0.011763,0.028383,-0.023801,-0.009885,-0.009732,0.025669,-0.005869,0.037310,0.000189,0.031822,0.001838,0.004894,-0.033624,0.007177,0.002376,-0.013267,-0.006484,-0.017942,-0.021679,-0.009495,-0.028854,-0.009582,-0.011935,-0.016885,0.019228,0.008302,0.004966,-0.006667,-0.013065,0.004123,0.003230,0.018473,-0.006685,0.013420,0.008228,-0.019666,0.007548,0.007093,0.007705,0.005982,-0.003589,0.004348,0.014637,-0.002674,-0.006984,-0.015389,-0.033135,0.003198,-0.002173,-0.015423,-0.029858,-0.001297,0.012960,0.001909,-0.025037,0.016942,0.021859,-0.004881,0.007380,-0.009367,0.010852,-0.007059,0.019064,-0.017783,0.009626,0.010329,-0.009699,0.011442,0.009623,-0.008311,0.006621,-0.000587,0.017510,0.020305,-0.018325,0.001754,-0.014097,0.003590,-0.008012,-0.006670,0.003335,-0.000030,-0.005629,-0.007875,-0.008753,0.003633,-0.003690,-0.003603,0.001381,0.000914,0.000099,-0.000699,0.008226,0.019003,-0.001503,0.007843,0.006359,0.008327,0.005488,0.014698,0.009473,0.003156,0.000013,0.007470,-0.003862,-0.006474,-0.002496,-0.002011,0.000698,0.000420,-0.009504,0.007153,-0.004148,-0.005908,0.020310,0.001669,-0.006767,0.008820,-0.000693,-0.009031,-0.004050,0.008354,0.005260,-0.013264,-0.004914,-0.005511,-0.000084,0.002191,-0.017723,-0.006986,0.004870,-0.000121,0.000644,-0.000825,0.009969,0.006467,0.003035,-0.005869,0.000080,-0.009872,0.006290,-0.000867,0.009874,-0.010357,-0.003475,-0.003678,-0.005010,-0.001583,-0.003065,0.010481,-0.000830,-0.009416,-0.009261,-0.004782,0.000827,-0.007564,-0.002032,-0.006039,-0.022795,-0.000480,0.004895,-0.011610,-0.000572,-0.002506,0.002926,-0.004371,0.003461,0.011526,0.000974,0.023322,0.011972,0.012783,-0.001770,0.007205,-0.005148,0.000044,0.012901,-0.001345,0.003422,0.014131,0.001617,-0.009044,0.003390,0.007775,-0.010558,0.000498,0.002118,-0.000686,-0.011310,0.007748,0.004860,0.001036,-0.004459,-0.002739,-0.008581,-0.001882,-0.006307,-0.009689,0.000062,0.002556,-0.004551,-0.005956,-0.000115,-0.006919,-0.009356,-0.001414,0.014787,0.003484,0.001288,0.002530,0.000699,0.002327,-0.003313,0.004855,0.004073,0.007229,0.001846,0.000681,-0.007904,-0.003854,-0.004293,-0.008372,0.001414,1.000000
-0.876263,-0.136916,-0.131934,-0.198578,0.114652,0.066246,0.077399,0.027805,0.051768,-0.048571,-0.095258,-0.063961,0.000017,0.008718,-0.055156,0.027636,-0.088113,0.020130,0.003654,0.048671,-0.070196,0.158343,-0.053270,-0.053578,0.069474,0.058621,0.042418,-0.028234,0.011952,-0.001918,0.016603,-0.000699,0.060245,-0.023376,-0.040181,-0.001546,-0.046983,-0.029890,0.011180,0.042138,-0.053114,0.022870,0.011476,-0.021826,0.017966,-0.035122,-0.036783,0.001286,0.002663,0.020445,0.031050,-0.035309,-0.001231,0.020539,0.004345,-0.008684,-0.030708,0.018209,-0.009545,0.021416,-0.027690,0.000916,-0.047543,-0.012840,-0.025645,0.002433,-0.004141,-0.007109,0.008570,0.002646,0.025666,-0.029778,0.030564,-0.025203,0.020092,-0.024855,-0.016771,0.013180,-0.014089,-0.033483,0.018567,0.008734,-0.000239,-0.014308,0.011399,0.020756,0.017050,0.007208,-0.000106,-0.015726,-0.007465,0.003353,-0.019422,-0.001110,-0.026259,-0.033193,-0.020684,-0.003742,-0.005991,-0.001799,-0.015258,0.015300,-0.010348,-0.002248,0.003540,-0.011356,0.011012,-0.000894,-0.003638,-0.013553,0.005010,0.001381,-0.000862,-0.004241,-0.001779,0.024994,0.005911,0.011810,-0.005571,0.005497,-0.007935,-0.000438,-0.001829,0.003569,-0.002893,-0.015931,-0.019653,0.025582,0.004398,-0.030402,-0.021021,-0.024754,0.008988,0.005617,0.005279,0.016137,-0.010724,-0.004415,0.004297,0.012545,-0.010419,-0.012103,-0.000964,0.013310,-0.002821,0.009404,-0.000273,-0.008379,0.016171,0.008619,0.003739,-0.014824,0.003295,-0.022547,-0.003945,0.006717,0.006333,0.006026,-0.016099,0.001708,-0.001757,-0.002595,0.011579,0.024191,-0.015191,-0.006915,0.006018,-0.000820,0.000599,0.000885,0.019610,-0.012940,-0.004286,-0.003661,0.003703,0.010998,0.000225,-0.018616,-0.004980,-0.002775,-0.004508,-0.008585,-0.006858,0.003216,-0.009219,0.000449,0.001524,0.001782,0.006417,-0.006971,-0.022644,0.003870,-0.008232,0.005696,-0.003759,0.011660,0.001055,0.005982,0.007818,-0.004463,-0.006267,-0.000618,-0.003054,0.014897,0.004001,0.001610,0.006612,-0.002514,-0.005285,0.009296,-0.006117,-0.005850,0.012037,-0.009150,0.001888,0.006261,-0.009776,-0.006234,-0.003243,0.007606,-0.008063,-0.003410,-0.014627,0.007690,-0.001016,0.006239,0.007454,0.017495,-0.003301,0.002666,-0.003899,-0.011067,0.011060,-0.000848,0.004889,-0.000991,0.002184,0.008644,-0.002305,-0.006365,0.001831,0.010959,0.009497,0.000444,0.002831,0.001375,0.005796,0.010163,-0.006349,-0.003999,-0.005344,-0.000161,-0.005413,0.010598,0.010624,-0.011961,0.004759,0.002475,-0.006263,-0.000418,-0.000520,-0.014150,0.001710,0.006076,0.001464,0.000444,0.002558,-0.003727,-0.001000,0.005754,-0.004645,-0.000491,-0.001068,-0.000424,-0.001324,-0.004014,-0.004987,-0.009022,-0.000033,-0.000782,-0.003245,-0.000797,-0.007345,0.007164,0.001336,0.001820,0.000881,0.004676,-0.000923,-0.008982,0.003040,0.011687,0.001338,-0.004634,0.009190,-0.002335,-0.003713,0.006181,0.003158,0.005049,2.000000
-0.872824,-0.052086,-0.132159,0.199906,0.034481,0.112606,0.086173,-0.023241,0.108688,-0.016848,-0.034046,-0.026080,0.006590,-0.098952,-0.030341,0.011208,-0.006614,-0.045996,-0.016335,-0.040865,-0.068866,0.158237,-0.058722,-0.002681,0.138322,0.076172,0.042183,0.017129,0.009380,0.028316,0.029429,-0.019751,0.043265,-0.030971,-0.009427,0.003358,-0.105693,-0.001881,0.019154,0.067036,-0.029395,0.024592,0.006635,-0.011587,0.037285,-0.012335,0.050712,-0.028191,-0.022711,0.016068,-0.032513,-0.000648,0.011338,0.022203,-0.002358,-0.011400,-0.013971,0.014250,-0.008471,0.006658,-0.012860,0.004222,-0.053789,-0.000767,-0.015927,0.007319,0.034648,0.011563,0.033353,0.004592,0.038859,-0.000641,0.009461,-0.020147,-0.023279,-0.004254,-0.003675,0.001473,0.018070,0.015636,0.030113,0.014477,0.010894,-0.009220,-0.017673,0.009100,0.021146,-0.003548,0.027715,-0.019400,0.005209,-0.015607,-0.013523,-0.001485,-0.024005,-0.013822,-0.029827,-0.029596,0.000861,-0.005333,-0.020375,0.040561,-0.016644,0.002847,0.016007,0.004176,-0.004453,0.014053,0.015768,-0.017485,0.029624,-0.000845,-0.000313,0.003111,-0.029827,-0.004180,-0.000753,0.001409,-0.002341,-0.004383,-0.019627,0.006734,0.014824,-0.003394,0.004929,-0.020232,-0.024492,-0.005174,-0.016791,-0.002301,0.005809,0.006187,0.018597,-0.006796,0.008494,-0.007966,0.000750,0.001153,-0.003335,0.010505,-0.015697,0.008877,0.026816,0.009691,0.011015,0.024140,0.006541,-0.016856,-0.004695,0.026047,0.006397,-0.000494,0.007422,-0.017742,-0.001609,-0.015738,-0.021835,0.011660,-0.008061,0.004552,-0.009217,-0.011734,0.006163,0.007528,-0.000846,-0.005943,-0.000337,-0.008104,-0.018546,-0.008823,-0.004075,0.007278,0.006081,0.008437,0.009476,0.010221,-0.009413,-0.009561,0.004625,-0.006263,-0.000699,-0.016936,-0.003369,0.003924,-0.002654,-0.008045,-0.000705,-0.010691,-0.006472,0.001221,-0.022035,0.016149,-0.002734,0.001181,0.004040,0.002470,-0.004414,-0.009616,0.021391,0.002708,0.010372,-0.010265,0.006652,0.002944,0.008970,0.002143,0.003071,-0.000610,0.005858,-0.003459,-0.003768,-0.000611,0.000551,-0.003495,0.002512,0.005762,-0.001604,-0.003787,0.002144,0.000228,0.005076,-0.021428,-0.001661,-0.000669,0.008239,-0.010319,0.015523,-0.001078,-0.017549,-0.002949,0.005291,0.011650,0.007811,0.000461,-0.001477,0.005225,-0.007881,-0.006975,-0.022365,0.002572,0.002680,0.003272,-0.000736,-0.005517,-0.005896,-0.001639,0.011328,0.003454,-0.003249,0.008704,0.003252,-0.005491,-0.017541,0.005856,0.001195,-0.008316,0.004677,-0.000655,-0.009903,-0.004279,0.005478,-0.008823,-0.002316,-0.002226,0.009745,-0.006052,0.012527,-0.003435,0.004037,0.007669,-0.001315,-0.013244,0.006370,-0.011961,-0.001177,-0.001079,0.004913,-0.005166,-0.002230,-0.003274,0.006099,0.013567,-0.000857,0.014983,0.007855,0.009891,-0.003847,0.000963,0.004553,0.007006,0.005079,0.004258,0.009274,-0.000283,-0.002102,0.008351,0.001398,0.003284,-0.008899,0.000513,1.000000
-0.863599,-0.259300,-0.031722,0.091207,0.087741,0.162247,-0.023693,-0.096607,0.079844,-0.119998,-0.070097,-0.056304,0.006491,-0.094311,-0.044083,0.036937,-0.016497,-0.039011,-0.024547,-0.030472,-0.046366,0.094668,0.037633,-0.010702,0.140956,0.046331,0.031947,0.018968,0.016410,0.027948,-0.000392,-0.016181,0.061078,-0.045336,-0.038197,-0.032208,-0.035390,-0.031008,0.026735,0.010265,-0.029622,-0.008911,0.042076,0.003554,0.027016,-0.017513,0.016240,-0.016173,0.025550,0.038342,-0.002479,-0.015133,-0.000375,0.030654,-0.016096,0.026821,-0.013286,-0.039894,-0.014119,0.009986,-0.022763,-0.002689,-0.014612,0.007787,0.031802,-0.004152,0.008411,0.027227,0.005455,0.003517,0.014865,-0.020104,0.031297,-0.012264,0.007835,0.008419,-0.029485,0.019502,0.016698,-0.006479,0.009061,0.010808,-0.005345,0.006427,0.006502,0.010873,-0.001137,0.029148,-0.007395,-0.022282,0.007581,0.004789,-0.013620,-0.031408,-0.017926,-0.032870,0.009542,-0.045287,-0.011814,0.005027,0.006390,0.011307,0.023589,0.000126,-0.026125,-0.018148,0.009346,-0.021001,-0.009406,-0.029624,0.011005,-0.019175,0.010057,-0.011799,0.003472,-0.003286,0.007275,0.013574,-0.009787,-0.001587,-0.016684,0.011900,-0.005498,-0.007016,-0.009859,-0.020316,-0.009307,-0.010556,-0.010533,0.014264,-0.015597,0.006815,0.014088,0.013865,0.012290,0.006891,0.005225,-0.007820,0.002942,-0.005294,-0.030001,0.000573,0.003706,0.006566,-0.002921,0.016004,-0.011720,0.002661,0.002202,0.014547,0.015780,0.001801,-0.007473,-0.003215,0.004211,0.011513,0.000032,0.012137,-0.015435,-0.014646,0.002433,0.009855,-0.001335,0.008910,0.001423,-0.004576,0.012172,0.006390,0.007488,-0.000356,-0.004421,-0.006503,0.013317,0.026871,-0.012328,0.006281,-0.006086,-0.003500,-0.001978,-0.007848,-0.004957,0.001370,0.010050,0.004696,0.009423,0.010159,-0.008662,-0.009084,-0.003518,-0.012266,-0.002700,0.013444,-0.000018,-0.007228,-0.002046,0.008529,0.001729,0.000120,0.015173,-0.002136,0.001496,-0.021444,-0.009998,0.009082,0.005234,-0.015025,0.009955,0.006021,0.006831,0.005904,0.001099,0.007707,-0.008724,-0.006772,0.003880,0.019491,-0.002884,-0.000649,-0.003314,-0.001929,0.011262,-0.003815,-0.001872,-0.003436,-0.004677,-0.002060,0.000513,0.011962,-0.008714,-0.009866,-0.001446,-0.011608,0.003627,0.008992,-0.014148,-0.007396,-0.003688,-0.005385,-0.010794,0.001873,0.001709,-0.002200,-0.003554,-0.000779,0.003147,-0.005004,0.005958,-0.001292,0.006144,-0.001444,0.003818,-0.004579,0.001071,0.004504,0.003682,0.004825,-0.002988,0.011342,-0.006759,0.002863,0.006074,-0.001697,-0.003897,0.004509,0.002902,-0.010084,0.003578,-0.006122,0.012851,0.004033,-0.017445,-0.003236,-0.001656,-0.007299,-0.002940,0.002586,0.008233,-0.004253,-0.004646,-0.004469,-0.006393,0.001864,0.000591,0.004466,-0.000081,0.005713,0.000468,-0.002146,0.001087,-0.005670,-0.000273,0.003847,0.009020,-0.009764,-0.002179,0.007868,0.001674,0.002205,0.000066,-0.000376,1.000000
-0.864552,-0.177515,-0.325058,0.124204,0.031934,0.117951,0.156952,-0.030871,0.017876,-0.007517,-0.040543,0.000104,0.021514,0.028430,-0.022076,0.039565,-0.008907,-0.018610,-0.049764,-0.017987,-0.096378,0.040312,-0.050588,-0.048838,0.090392,0.034912,0.019752,-0.041053,0.010007,0.018117,0.000637,0.013038,-0.010274,-0.012953,-0.041167,0.036901,-0.043189,-0.020856,0.019667,0.022024,-0.016327,0.018271,0.004158,-0.013503,0.001868,-0.006448,0.038637,0.004822,-0.001028,0.000888,-0.008086,-0.040231,0.003390,0.003306,-0.010284,0.003500,-0.010325,0.002827,-0.024412,-0.018767,-0.019580,-0.004900,-0.017815,-0.015038,-0.005417,0.009412,0.011967,-0.008774,0.016960,0.009184,0.007864,0.013551,0.012624,-0.018182,-0.004630,-0.006659,-0.017324,0.001053,0.005926,-0.009634,0.009678,-0.001835,-0.003872,0.008484,0.000612,0.017764,0.007365,0.021949,-0.003907,-0.011991,-0.000100,0.004536,-0.009821,-0.002378,-0.009622,-0.003271,-0.007050,-0.014605,-0.014972,-0.006547,-0.009351,0.019007,-0.009829,0.003104,-0.009730,-0.010346,0.007280,-0.006818,0.002583,-0.006941,0.011728,-0.005843,0.003958,-0.006964,-0.007981,-0.000649,-0.004964,0.001707,-0.010469,-0.000826,-0.007176,-0.011786,-0.001496,0.001302,-0.005071,-0.017404,-0.012704,-0.011751,0.003488,-0.005655,-0.002771,-0.006852,0.001505,-0.000088,0.005940,0.001166,-0.007264,-0.007046,0.008776,-0.006219,-0.006057,0.006665,0.003081,0.005313,-0.001605,0.009982,-0.007502,0.000149,-0.005889,0.008259,0.003951,0.002200,0.002000,-0.004148,-0.005234,0.003608,-0.001863,0.004867,-0.003853,0.000343,-0.005040,0.005313,-0.000338,0.003479,0.000654,-0.002083,0.003166,0.000036,-0.001785,-0.001393,-0.007212,0.002267,-0.002401,0.001242,-0.005636,0.016952,-0.004235,-0.006314,0.003705,-0.001155,-0.001093,0.005015,0.001930,-0.003414,0.003962,0.000348,-0.008300,-0.005332,-0.013716,-0.001238,-0.002877,0.011361,-0.002933,-0.003658,-0.003950,0.012782,0.000887,-0.001681,0.001108,-0.011744,-0.003174,0.003404,0.002632,-0.000219,0.006617,-0.001540,0.002357,0.006860,-0.005330,0.002740,-0.005526,0.003711,-0.005908,-0.001733,-0.007599,-0.000108,-0.003753,-0.002300,0.005316,-0.004031,0.001769,-0.012799,-0.001148,0.000169,0.005222,-0.002459,0.010514,0.001573,-0.002561,-0.007577,-0.003038,-0.003075,0.002169,-0.000400,-0.005374,0.000656,-0.007403,0.005995,-0.006272,0.001531,-0.000969,0.006437,0.006029,-0.007463,0.005316,0.000414,0.011317,0.007028,0.000290,0.004471,-0.001406,-0.007077,-0.005250,0.002838,0.001331,-0.001011,0.002706,0.006463,0.000382,-0.003827,0.005241,-0.008775,0.001052,0.006498,-0.002203,-0.005879,0.005953,-0.005353,-0.000833,-0.000038,-0.002923,-0.002480,-0.002843,-0.002466,0.003360,0.002663,-0.002014,-0.001351,0.001054,-0.000903,-0.000538,-0.001125,-0.001286,0.002081,0.000912,-0.005823,0.001099,0.008409,0.002774,-0.000823,0.001943,0.005032,0.002637,0.003129,0.002673,-0.000788,0.001103,0.000651,-0.001940,0.003153,1.000000
-0.868326,-0.118923,-0.163943,0.023539,0.219410,0.097873,0.168763,-0.008778,-0.026124,-0.004566,-0.130065,-0.024903,0.016241,0.031458,0.069900,-0.015991,-0.035627,-0.047564,0.008050,-0.047225,-0.019440,0.107992,-0.020461,-0.048444,0.157146,0.048306,0.037957,-0.040244,0.003575,0.003643,-0.007272,0.009849,0.037781,-0.008406,-0.025359,-0.029855,-0.033004,0.005977,0.014102,-0.005533,-0.021966,0.055106,-0.012866,0.002650,0.048043,-0.024469,0.028124,-0.038809,-0.026601,0.024036,0.010595,-0.018076,-0.032699,0.023998,-0.002401,-0.001440,-0.012998,0.034069,0.016237,0.013930,-0.030333,0.007072,-0.025905,-0.019501,-0.023303,0.000281,0.019795,-0.027867,-0.010734,0.004846,-0.001294,0.000529,-0.000516,-0.034393,0.012645,0.017824,-0.003383,-0.010768,0.022599,-0.026122,0.028206,-0.001299,0.008408,-0.005947,0.015967,-0.005494,0.007098,0.014431,0.011609,-0.013876,0.021548,0.028203,-0.015392,-0.009796,-0.015102,-0.003069,0.001416,-0.004455,-0.020619,-0.017452,-0.009291,0.031417,-0.014421,0.012480,-0.016944,0.001091,0.013734,-0.019453,-0.000985,-0.004537,0.009806,0.001425,0.005464,0.015112,-0.002179,-0.008973,-0.007139,0.013182,-0.017576,-0.006071,-0.003664,-0.006266,-0.006402,0.003465,0.007008,-0.011762,-0.009207,-0.010574,-0.010352,-0.005966,-0.005306,-0.000249,0.004874,0.009157,-0.003842,-0.016934,0.009225,-0.002559,-0.003239,0.005817,-0.016270,0.000053,0.010991,0.009199,0.006425,-0.004711,-0.013443,-0.000774,0.003092,0.020322,0.013947,0.016555,0.003559,0.011364,0.014800,-0.013194,0.010882,0.010058,-0.015461,0.002460,-0.001655,-0.006240,0.006448,-0.000191,-0.012480,-0.002403,0.018357,0.014141,-0.000629,0.001790,-0.003898,0.005651,0.003782,0.009358,-0.003144,0.009315,0.006022,0.004686,-0.003477,0.008706,-0.006559,-0.003034,-0.007523,0.007659,-0.000738,0.008713,-0.008499,0.002528,-0.004457,-0.003914,-0.003876,0.009280,-0.004249,0.000957,-0.004991,0.009650,-0.009586,0.004551,0.009078,-0.003248,-0.000517,0.005740,-0.002328,0.003919,0.004792,-0.003787,0.005114,0.008854,0.000333,-0.000764,0.001776,0.008684,-0.007179,-0.004027,0.009497,0.002699,-0.007030,-0.001409,-0.012454,-0.000943,-0.006304,-0.008134,-0.016369,-0.003498,0.001632,-0.003747,-0.001345,0.004934,-0.004476,-0.011408,-0.001988,-0.011492,-0.001545,-0.001160,-0.006771,0.000429,-0.013798,-0.007105,-0.019795,0.006800,0.005525,-0.002238,-0.003209,-0.004289,-0.000180,0.002088,0.004823,0.006392,0.003134,0.008096,-0.004304,0.012573,-0.007298,0.007161,-0.000882,-0.004007,-0.006435,0.001491,-0.009273,0.001671,0.012940,-0.003998,-0.004233,0.003553,0.005893,-0.002018,0.008061,0.003905,-0.005527,-0.000748,-0.001021,0.007120,0.001699,-0.001114,0.001982,0.001481,0.004433,-0.002208,-0.006766,0.002575,0.001132,0.000653,-0.010639,0.007936,0.008307,-0.003334,-0.003138,0.005359,0.007833,-0.005189,0.010776,0.008578,0.000963,-0.002431,0.001971,-0.002436,-0.002401,0.000285,0.004044,0.002370,2.000000
-0.938364,0.163069,0.057616,0.116244,0.131449,-0.007393,0.087840,0.036192,0.008153,-0.008144,-0.062378,-0.035220,0.029059,-0.058798,-0.010621,-0.018894,0.004942,-0.027756,-0.012602,-0.019663,-0.060904,0.064911,-0.074012,-0.026407,0.025862,0.050113,0.024548,-0.024101,0.010978,0.041642,-0.022642,0.005697,-0.002764,-0.051315,-0.000962,0.017556,-0.024916,0.001410,0.017679,-0.010946,0.000695,-0.001714,-0.004121,-0.003504,-0.004392,-0.008719,0.004797,-0.002140,-0.009747,0.013336,0.006556,-0.029529,-0.000509,0.017853,-0.020309,0.007941,-0.020650,0.018069,-0.008339,0.003723,-0.014155,0.003584,-0.014360,0.016367,-0.019344,0.000309,0.027482,0.000289,0.008612,-0.000622,0.014566,-0.011597,0.009345,-0.006611,-0.009956,0.003998,-0.002017,0.004906,0.020817,-0.011421,0.014198,-0.003117,0.009412,-0.007163,0.000539,-0.004121,0.004563,0.022611,0.009988,-0.006922,0.002133,0.014290,-0.011842,0.000536,-0.004198,-0.016694,-0.014225,-0.021589,-0.004179,-0.006933,-0.001763,0.012964,-0.001693,-0.001553,-0.001193,-0.003769,0.014387,-0.001489,0.007062,0.004548,-0.001891,0.000137,-0.005789,-0.004627,-0.009366,-0.003182,-0.008401,0.001902,-0.002158,0.015934,-0.004907,0.001135,-0.006365,0.004025,-0.009135,-0.007474,-0.010989,-0.002839,-0.004649,0.002980,-0.004040,-0.011450,0.003704,-0.005701,0.006860,0.001090,-0.000783,0.001177,0.000417,-0.003467,0.002478,0.003053,0.006699,0.002595,-0.005560,0.012439,-0.002882,-0.008603,-0.003142,0.014146,0.004544,-0.005649,0.000809,0.004868,0.006657,0.000271,-0.009609,0.002143,0.000374,-0.000033,-0.006152,0.001133,-0.002590,-0.002289,-0.004684,-0.005540,-0.001560,-0.005596,-0.000413,0.003246,0.007003,0.001123,0.000320,0.008058,-0.002708,0.008735,-0.002261,-0.000618,-0.007626,-0.005889,-0.002810,-0.004003,-0.002174,0.000925,0.000970,0.008420,-0.000372,-0.013153,-0.004230,-0.012544,-0.003768,0.007136,-0.005584,-0.003935,-0.000873,0.005517,-0.010253,-0.000657,0.008550,-0.000026,0.000426,-0.004590,0.001224,0.001426,0.001723,-0.004931,-0.004641,-0.000685,0.002813,0.004479,-0.008868,0.001300,0.004798,-0.000702,0.004303,-0.004464,-0.005900,0.004700,0.001161,0.006042,-0.001289,-0.002596,-0.002657,0.002658,-0.005141,0.002551,0.000060,0.001672,-0.000555,-0.007378,-0.000611,-0.003790,0.001263,0.003121,-0.007041,-0.010778,-0.000907,-0.005724,-0.007971,-0.004348,0.008879,0.001305,-0.002292,0.000394,0.001839,-0.000624,0.003707,0.002245,-0.002972,0.003420,-0.000314,0.000795,0.001048,0.004774,-0.002993,-0.007277,-0.002309,0.006000,-0.000159,-0.000795,0.002083,-0.006070,0.002721,-0.001642,0.003486,-0.001274,0.004607,-0.001888,-0.000817,-0.001695,-0.004221,-0.003614,-0.003009,-0.002594,0.003390,-0.001439,-0.000398,-0.003614,0.001093,0.002674,-0.002354,0.002697,-0.002632,0.004501,0.004427,-0.002043,0.000841,0.004354,0.004610,-0.001677,0.001066,0.006002,0.000287,0.005469,0.003158,0.001338,-0.001030,-0.002456,-0.001182,0.001817,2.000000
-0.877770,-0.079533,-0.126316,0.110099,0.118865,0.116469,0.148068,0.017071,0.083012,-0.023689,0.020955,0.009278,-0.020777,-0.064768,-0.014200,0.075824,-0.027115,-0.035472,-0.018091,-0.102975,-0.115094,0.117991,-0.083953,-0.030056,0.029002,0.092976,-0.035736,-0.008558,0.075238,-0.026722,-0.002157,0.001978,0.068312,-0.045721,-0.073230,-0.027760,-0.005641,0.015135,0.021833,0.013008,-0.058791,0.007369,0.018606,-0.042576,0.023193,0.005770,0.007097,0.040315,0.000400,0.018708,0.039291,-0.053132,-0.019184,0.026370,-0.008849,-0.018199,-0.054531,0.010435,-0.006577,0.003083,-0.027325,0.011944,-0.030706,0.012157,-0.027527,0.028254,0.005413,-0.035466,0.038812,0.004388,-0.018082,-0.005151,0.006839,-0.029365,-0.012722,0.003287,-0.018682,0.032575,0.018866,-0.020743,0.025613,0.001054,0.001280,0.010846,0.023447,0.031923,0.017009,0.015884,-0.009474,-0.008452,0.004662,0.006566,-0.021658,-0.013664,-0.022840,0.013154,-0.013737,-0.011071,0.002297,-0.003135,0.005724,0.010459,0.001353,0.027007,0.000949,-0.009596,0.007042,-0.010885,0.010106,0.007403,0.011518,0.002976,-0.000049,-0.009938,-0.007486,-0.002299,-0.011311,-0.013587,-0.007817,0.009320,-0.001137,-0.006145,-0.010135,-0.000877,0.018311,-0.011905,-0.013703,-0.021101,0.018049,-0.002218,-0.019189,-0.022447,0.018109,0.004987,0.015621,0.004602,-0.006187,0.017167,-0.004948,0.012699,0.002114,0.010044,-0.003475,-0.001372,-0.016675,0.012473,-0.017107,-0.005886,-0.001293,-0.005331,0.011544,-0.000890,0.001595,0.009655,-0.002529,-0.008918,-0.008452,0.018145,0.004843,-0.011107,0.003941,-0.016651,-0.000353,-0.007492,-0.014307,-0.009742,0.019239,0.002035,-0.003238,0.003932,-0.015843,-0.000698,0.014411,0.029439,-0.002694,0.012964,-0.001741,-0.005627,0.004565,0.002911,-0.001373,-0.002527,-0.015941,0.005624,0.004808,-0.001060,0.006383,-0.012366,-0.004459,0.001412,-0.009947,-0.000183,-0.010886,0.005607,-0.001748,0.002370,-0.019383,-0.002896,0.009995,0.000475,-0.006939,-0.009849,-0.002423,0.014131,-0.002439,-0.005219,-0.005537,-0.003182,0.011383,0.008579,0.010023,-0.002598,-0.013185,-0.006566,0.003964,0.002556,-0.009076,-0.009571,0.002279,0.001611,-0.005347,-0.008838,-0.000863,0.003709,0.002027,-0.006663,0.006942,-0.000370,-0.011216,-0.001647,-0.011092,-0.002776,0.004268,-0.002263,0.006382,-0.002195,0.000281,0.001540,-0.016484,0.009654,0.005571,0.002514,0.003929,0.001173,-0.000125,0.001332,0.001856,0.011364,-0.011176,0.007125,0.001639,-0.004082,0.005534,0.009221,-0.012495,-0.000639,-0.008928,0.003635,-0.003283,0.003427,0.000881,-0.002573,-0.002130,0.003923,0.012803,-0.004484,0.007707,-0.002128,0.002280,0.007949,-0.010445,-0.000123,-0.003228,-0.001593,0.003239,-0.002872,0.005835,-0.004599,-0.002494,0.000971,0.006093,0.005026,0.003899,0.000354,-0.004142,0.005431,0.007524,0.002768,0.007933,-0.001611,0.020171,0.001287,0.009792,0.005225,0.007263,0.003084,-0.004360,-0.001588,-0.003255,-0.001602,2.000000
-0.893656,0.006100,-0.174914,-0.063677,0.190503,0.056418,0.032009,-0.047264,0.089513,-0.087916,-0.031870,0.008635,0.059752,-0.038194,-0.056040,-0.031558,-0.043675,-0.046176,-0.091672,-0.012647,-0.058803,0.141796,-0.041003,-0.078968,0.104849,0.050163,0.004046,-0.012442,0.026655,0.007247,0.012973,0.020025,0.005159,-0.027374,0.025935,0.009112,-0.028343,-0.047759,-0.007008,0.007935,0.001435,0.015153,-0.036702,-0.005823,0.030354,-0.026220,0.026478,-0.024964,0.003021,-0.010050,0.011471,-0.070542,0.028099,0.006962,-0.032708,-0.026987,0.015357,0.013591,0.017382,0.007873,-0.006976,0.000731,-0.020351,0.000349,-0.004625,0.014982,-0.003517,-0.001884,0.008752,0.008952,-0.008569,-0.013010,0.015577,-0.020460,-0.019576,0.022562,-0.005590,0.017016,0.012883,-0.001355,0.020051,0.004399,-0.005218,0.032365,-0.007363,0.012408,0.028327,0.013635,-0.028558,-0.003886,0.008479,0.022642,0.001232,0.003372,-0.015960,-0.019865,-0.020556,-0.021007,0.001024,-0.018905,-0.000482,0.003803,0.003736,0.020142,0.001369,-0.003044,0.002198,0.002954,0.003650,-0.001978,0.002259,0.012831,0.002350,0.007944,-0.013163,-0.008311,-0.008946,-0.000132,0.007738,0.004279,-0.017633,0.006324,-0.008248,0.003328,0.007567,-0.014683,-0.023629,-0.024553,-0.005131,-0.006602,-0.012108,-0.008580,0.023294,0.005667,0.014405,0.000321,-0.003799,0.002766,-0.002941,-0.004044,-0.011857,0.006671,0.006219,0.015059,0.002805,0.022169,-0.004530,0.002014,0.005798,0.011706,0.018295,0.001851,0.009102,-0.010595,-0.003395,0.004424,-0.002812,-0.000609,-0.010221,-0.007284,0.005079,-0.018212,-0.007724,-0.006476,0.000308,0.001002,0.023481,-0.000707,-0.002148,0.003540,-0.005046,0.007141,0.004081,0.007433,-0.007370,0.018904,-0.004803,-0.000951,0.000326,0.006636,-0.009655,-0.007515,-0.007814,0.001316,0.001041,0.008238,0.004789,-0.006264,-0.000145,-0.006048,-0.006311,0.014542,-0.005096,-0.001457,-0.010722,0.017672,0.000216,0.004856,0.009816,-0.003877,0.005369,0.008061,-0.002109,0.007452,-0.000720,0.008276,0.004670,0.002412,0.004241,-0.003513,0.000279,0.005812,0.015245,0.001200,0.001361,-0.000361,-0.002678,-0.007961,0.001349,0.006768,-0.000134,-0.010272,-0.001986,0.000666,0.000861,-0.002865,0.004667,0.008014,-0.008612,-0.002299,-0.006462,0.003848,-0.001019,0.003777,-0.004386,-0.011125,-0.006320,-0.005631,-0.006873,0.001328,-0.007956,0.004638,-0.004906,0.005893,0.009918,-0.003987,0.004974,0.006638,-0.001341,0.001499,0.008749,-0.005977,-0.000000,0.001445,0.000317,-0.004651,0.007440,0.005065,0.003405,-0.003245,0.003788,0.000373,-0.006156,-0.000257,-0.000440,-0.002060,0.005346,-0.004662,0.005075,0.010709,0.001209,-0.007888,0.001842,-0.002130,0.005303,0.008940,-0.000576,-0.010251,-0.002685,-0.007809,-0.003099,-0.006517,0.003695,0.004602,-0.000963,-0.000861,0.003919,-0.001034,0.009220,-0.001588,0.006015,0.002479,0.002571,-0.007237,-0.006077,-0.001736,-0.005100,0.008219,-0.005662,0.004641,2.000000
-0.871230,-0.244566,-0.101968,-0.139682,0.149752,0.030955,0.157717,-0.004609,-0.011063,-0.070426,-0.032525,0.102692,0.007416,-0.083104,-0.032008,0.024410,0.006642,0.003057,-0.042840,-0.108042,-0.058583,0.087991,-0.011951,-0.035268,0.089775,0.068182,0.009100,-0.070316,0.010359,-0.009087,0.009799,0.014129,0.005559,-0.054359,-0.068386,0.022259,-0.039458,-0.007936,0.009756,0.006179,-0.021593,0.003925,0.026989,-0.001109,0.011747,-0.001025,0.008790,-0.010920,-0.013628,-0.008178,0.036668,-0.033981,0.003911,0.032339,-0.001872,-0.001538,-0.045924,-0.007403,-0.011601,0.000629,-0.026407,-0.000314,-0.019355,-0.009299,-0.005305,0.009734,-0.000464,-0.009902,-0.008675,0.002217,0.001473,-0.012849,0.020802,-0.014489,0.020744,-0.010817,-0.015289,-0.011782,0.016199,-0.003049,0.018701,0.003291,0.008339,-0.000270,0.003607,0.016686,0.023056,0.013692,0.004948,-0.020913,0.013559,0.006654,-0.017958,0.008194,-0.010644,-0.036731,-0.007964,-0.004574,-0.006991,-0.005101,-0.008761,0.011226,-0.002478,0.020746,-0.012119,-0.000546,0.001952,0.000327,-0.000043,-0.009337,-0.006307,-0.012695,0.010795,-0.001777,-0.008187,-0.012776,-0.010067,-0.009585,-0.004810,0.002871,-0.014673,0.014871,-0.003722,-0.014612,-0.000430,-0.005439,-0.018792,-0.013666,-0.006001,-0.021146,-0.007545,-0.005702,0.010427,-0.004429,-0.003514,-0.003067,-0.005100,0.008800,0.000882,-0.005950,0.002844,0.006662,0.016997,0.007785,0.005254,0.010976,0.000767,-0.010732,0.003698,0.003159,0.009844,0.001862,0.008368,0.002037,-0.004372,-0.008006,0.000766,0.001614,-0.003695,-0.004322,-0.005961,-0.002377,0.006818,0.003479,-0.003919,-0.004751,0.002462,0.004478,-0.006109,-0.001604,-0.002984,0.002778,0.004581,0.011695,-0.012615,-0.001435,-0.002972,-0.015300,-0.001762,-0.000815,0.004978,0.001645,0.001522,0.001778,0.003862,0.007527,-0.003290,-0.011945,0.003736,-0.003400,-0.006755,0.008235,-0.003810,0.000773,0.002851,0.008173,-0.006402,-0.002645,0.007999,-0.005549,0.000663,0.001091,-0.002144,0.006506,-0.002815,0.000036,-0.005887,-0.004373,0.001381,0.001959,0.002496,0.000353,0.010078,-0.000116,0.001950,0.006968,-0.000680,-0.005008,-0.000533,-0.002265,0.006201,-0.001415,0.006503,-0.002274,0.002468,-0.004336,0.002027,-0.000098,-0.005235,-0.005627,-0.002866,0.001295,-0.005673,-0.001642,-0.001119,-0.005306,-0.009232,0.001032,-0.011166,0.001735,0.003462,0.006652,-0.000876,-0.002711,0.006572,-0.000730,0.005565,-0.004023,-0.000265,-0.000678,-0.006313,0.000369,-0.004574,0.006302,0.003503,-0.003164,0.007366,0.011146,-0.005799,0.009249,0.007132,-0.000839,-0.001095,0.003044,0.001030,-0.002996,0.001488,-0.003647,0.002760,-0.000638,-0.002414,0.002897,-0.003785,-0.008789,0.000166,0.001871,-0.001123,-0.000409,0.006093,0.009010,0.001516,-0.006233,-0.003957,0.007469,0.000671,-0.000856,-0.006777,0.002391,0.001427,0.003404,0.001160,0.004713,-0.001464,-0.002926,-0.001058,-0.005532,-0.000148,-0.000662,-0.006783,0.007568,2.000000
-0.913316,0.119109,-0.140836,-0.041319,0.034671,0.015930,0.160975,-0.004087,-0.006225,-0.071479,0.039818,-0.008946,-0.047077,-0.023427,-0.002118,0.026123,-0.065425,-0.007008,-0.029693,-0.067570,-0.057156,0.136757,-0.016387,-0.052515,0.130000,0.080149,0.029265,-0.042095,-0.003957,0.012143,-0.025518,-0.006603,0.024051,-0.013460,-0.017920,-0.001285,-0.026505,-0.031974,0.028614,0.007313,-0.015919,0.019065,0.013494,0.029462,0.046821,-0.013466,0.034997,-0.020414,-0.003574,0.016319,0.011042,-0.025811,-0.000129,0.032784,-0.013053,-0.012920,-0.046062,0.011214,-0.006474,0.013495,-0.028177,-0.004189,-0.015201,-0.018933,-0.014653,0.010907,0.015308,-0.003823,-0.000283,0.007738,0.007039,-0.007438,0.031180,-0.003313,0.001797,-0.007635,-0.002375,0.011321,0.010507,-0.002598,0.005103,-0.000207,0.000215,-0.005553,0.013908,0.019069,0.017982,0.016700,0.009435,-0.021545,-0.001459,0.019863,-0.010181,0.004020,-0.020562,-0.020840,-0.018641,-0.023629,-0.017478,-0.002364,0.000255,0.014401,0.000687,0.004847,-0.003691,-0.001724,0.000803,0.001530,0.008378,-0.006531,0.012136,-0.009748,0.007277,0.009469,-0.022863,-0.002941,-0.010706,-0.004260,-0.000229,0.008595,-0.011383,0.001887,-0.014134,0.005430,0.003715,-0.008680,-0.026479,-0.016643,-0.001301,-0.004662,-0.013956,-0.009529,0.013018,-0.000518,0.002594,-0.003374,-0.003430,-0.002869,-0.003313,0.005746,-0.012116,0.002162,0.006875,0.011962,0.012055,0.005080,-0.009052,-0.002874,-0.003395,0.009061,0.013031,-0.010748,0.004346,-0.003604,0.004248,-0.013582,-0.003498,0.006766,-0.006551,-0.004156,0.001631,-0.009267,0.009844,0.006011,0.005527,-0.012450,0.011038,-0.000796,-0.001359,0.006840,-0.001075,0.004019,0.006435,0.014667,-0.006936,0.008434,0.003226,-0.004803,-0.009037,0.002025,0.002282,-0.002253,-0.000635,0.001524,-0.000701,0.002484,-0.001713,-0.008034,-0.004052,-0.003394,-0.008393,0.006495,-0.009456,0.005211,0.003615,0.014879,0.001436,0.004438,0.009882,-0.007150,-0.014928,-0.000167,-0.002903,0.003136,0.000417,-0.004086,-0.000713,0.000861,0.005209,0.000678,-0.003070,0.005883,0.003212,-0.004014,-0.003998,-0.000635,-0.005135,-0.013080,-0.001605,0.002127,0.006752,-0.004925,-0.011734,-0.000567,-0.002742,0.002615,0.008994,-0.000103,-0.007815,-0.005694,-0.006466,0.001130,0.004826,-0.000582,-0.006117,-0.003618,-0.004195,-0.003879,-0.011728,0.001141,0.003100,0.000617,0.001026,-0.005240,0.000500,-0.006270,0.009243,0.003465,-0.002507,0.003680,-0.001861,-0.005763,-0.001788,0.008587,0.006038,-0.000261,0.000136,-0.001558,-0.001523,0.008290,0.003773,-0.001744,0.000680,0.003952,0.005134,-0.001652,0.002988,-0.004895,-0.000115,0.001529,0.001836,-0.000778,0.003556,0.000162,0.004706,-0.000095,0.003364,-0.004632,0.005283,0.004327,0.000036,-0.006244,-0.001108,0.001093,-0.000276,0.004461,0.001891,0.004752,0.001018,-0.001080,0.002350,0.005359,0.002398,-0.000879,-0.002203,-0.003243,0.002442,-0.003220,-0.003797,0.006942,2.000000
-0.904854,-0.196408,0.180480,0.093384,0.071726,-0.061588,0.143142,-0.068510,0.068630,-0.076525,-0.040407,0.026964,-0.042519,-0.007118,-0.021173,0.045820,0.004830,-0.025861,-0.031725,-0.023807,-0.075994,0.086963,-0.024124,-0.058086,0.075434,0.038350,0.020987,-0.020492,-0.006790,0.023810,0.015438,-0.026868,0.013857,-0.027157,-0.010849,-0.018450,-0.055581,-0.001478,-0.006372,0.005841,-0.032412,0.012120,0.008271,0.011692,-0.003229,-0.014894,0.013567,-0.014112,0.009950,0.018097,0.019468,-0.032080,0.011952,-0.005322,-0.001304,0.009484,-0.013316,0.001107,-0.001974,-0.002438,-0.020624,0.002389,-0.014250,0.006109,-0.008033,0.004298,0.010004,-0.011754,-0.005575,0.009670,0.015716,0.020738,0.025650,-0.012441,-0.022489,0.010737,-0.013155,-0.002895,0.017452,-0.028775,-0.001563,0.002569,0.003465,-0.005117,0.011180,0.023526,0.016333,0.005973,0.017047,-0.004624,-0.002182,0.015425,0.001295,-0.004632,-0.012052,-0.005432,-0.008499,-0.011374,0.000829,-0.003463,-0.007214,0.006010,-0.010372,0.019245,-0.010925,0.003549,0.000312,0.013902,-0.002621,0.001183,0.003329,-0.012990,0.000889,0.012990,-0.004920,-0.003755,-0.004536,0.003559,-0.005612,0.005265,-0.006170,0.002876,-0.004470,-0.004918,0.003796,-0.008039,-0.010006,-0.012414,0.002713,-0.010056,-0.006752,-0.005886,0.015503,-0.003965,0.004616,-0.000326,0.005540,-0.002349,0.002108,-0.001320,-0.007795,-0.004407,0.008981,0.009496,0.005064,0.004524,0.001931,-0.000279,-0.008538,0.003146,0.014931,-0.008591,-0.000932,0.002045,0.003978,0.009637,0.002486,0.000660,-0.006476,0.002132,0.001751,0.000781,0.005279,0.000366,-0.001127,-0.006395,-0.000850,-0.003617,-0.003606,-0.003005,-0.000219,-0.000239,-0.004608,0.008896,-0.003131,0.010415,-0.001846,-0.004873,-0.003117,0.002434,-0.004047,-0.011112,-0.002032,0.004817,0.004505,0.005002,0.002529,0.000531,0.000288,-0.010532,0.001169,0.005306,-0.003483,0.002184,0.001109,0.004614,0.000498,-0.006985,0.006311,0.001718,-0.000917,-0.001128,-0.000485,0.011899,0.000198,-0.009787,0.000466,0.003665,0.000685,0.001948,0.002986,0.005337,0.009583,-0.003676,-0.003976,0.000270,-0.003033,-0.004847,0.001855,0.004886,0.004206,-0.005746,-0.004211,0.002780,-0.001275,-0.001293,0.004875,0.005235,-0.006294,-0.007140,-0.004495,0.001496,-0.000495,-0.002822,0.000340,-0.003388,-0.008053,0.003628,-0.004976,0.000597,0.004038,-0.003618,-0.003092,0.000649,0.005632,-0.002178,0.003746,0.002225,0.001406,0.002820,0.001371,-0.002078,0.001047,0.007145,0.001558,-0.004292,0.000500,-0.000763,-0.001641,-0.002238,0.000587,-0.001853,-0.002991,0.001131,-0.000524,-0.002902,0.001580,-0.001594,0.001373,0.003609,-0.004077,-0.004659,-0.001687,-0.005026,0.000310,-0.001471,-0.000643,-0.005067,0.000310,-0.001627,0.000041,0.000754,-0.003613,0.001630,0.002451,-0.002741,0.001037,0.000626,0.003423,-0.000518,0.002599,0.004307,0.009450,0.000018,-0.000471,0.001444,-0.000010,-0.002980,0.000948,0.000670,1.000000
-0.875716,-0.173803,-0.099943,0.054327,0.146120,0.145021,0.155176,0.026677,0.101194,-0.087501,-0.030623,-0.098271,0.043916,-0.015081,-0.066077,0.048739,-0.000958,-0.035389,-0.000223,-0.058043,-0.064723,0.127226,-0.031942,-0.066818,0.110185,0.082911,0.020200,-0.036243,-0.014513,0.003276,-0.027862,-0.023215,-0.006730,-0.002553,0.032256,0.006453,-0.018683,-0.021457,0.011149,0.007637,-0.015725,0.012245,0.028248,-0.008306,0.017108,0.018236,0.003373,-0.010437,0.010513,-0.017998,0.023410,-0.023700,0.039633,0.012095,-0.000678,-0.000979,-0.042236,-0.014897,0.008471,-0.025524,-0.022213,0.000545,-0.022008,0.004773,-0.023091,0.034118,-0.004936,-0.009073,0.018187,-0.021404,-0.007064,-0.015904,0.014278,-0.013952,0.003188,0.031511,0.006983,-0.002281,-0.001976,0.010440,0.020896,-0.016462,0.009912,-0.029148,0.013122,0.020526,0.027162,-0.009384,-0.003110,-0.007757,0.000566,0.017368,-0.028193,-0.023172,0.004860,-0.018237,-0.016353,-0.017559,-0.009253,0.009728,0.005914,0.018329,-0.013179,0.014455,0.006201,-0.004280,-0.010866,-0.014500,-0.017752,-0.005198,0.022213,0.001591,0.003206,0.023381,-0.006453,-0.003314,-0.011599,-0.000156,-0.001129,-0.016063,-0.006089,0.015122,-0.013919,-0.013766,-0.008648,-0.017238,-0.019549,-0.001705,-0.004460,0.000605,-0.012956,-0.001668,0.004354,-0.000142,0.008453,0.005415,-0.000820,-0.014068,0.006977,0.005572,-0.005039,-0.006260,0.000840,0.009300,0.011798,0.011518,0.005640,-0.006979,0.011267,0.011945,0.014265,0.011311,-0.016261,-0.008975,-0.000910,0.005870,0.007492,0.008276,0.005090,0.001876,-0.004289,0.004523,-0.012397,0.009099,0.003032,0.007933,0.000403,-0.002156,0.001573,0.001924,0.000430,0.000229,0.006584,0.005413,-0.002408,0.008146,-0.001499,0.011416,-0.009782,-0.008326,0.012022,-0.003020,-0.005506,0.006792,0.006957,0.003363,0.004883,0.002775,-0.002604,0.001513,-0.010871,0.010530,-0.006015,-0.004758,-0.011087,0.008386,-0.002938,0.006652,0.000503,-0.001348,0.000390,-0.000324,0.001433,0.005299,-0.002160,-0.005552,-0.006223,0.003965,-0.007587,0.004849,-0.003574,-0.000624,0.005432,0.005516,-0.000018,-0.001814,-0.004053,-0.010459,0.008311,0.003908,-0.003719,0.007863,-0.002004,-0.003633,0.000698,0.000981,-0.005619,0.002540,-0.000262,-0.008718,-0.008321,0.006155,-0.008241,-0.007874,0.000456,-0.005160,-0.004115,0.000277,0.005320,-0.004117,0.001370,-0.005790,-0.003782,-0.013917,-0.011289,0.005137,0.003399,0.005878,-0.006455,0.002884,-0.004531,0.003620,-0.002716,0.004757,-0.003382,0.001254,-0.001364,0.001448,-0.004147,0.002913,0.008962,0.000562,0.010934,0.006354,0.003902,0.000424,0.010350,-0.003329,0.002762,0.007245,-0.007716,-0.010425,-0.001570,-0.008006,0.004505,0.003955,0.010380,-0.003020,0.006036,0.003006,0.003932,-0.000554,0.008623,0.005769,-0.000535,0.001244,-0.005877,0.005674,-0.002519,-0.000063,0.001163,0.006571,0.008217,0.006430,0.002261,0.002315,-0.004854,0.001721,-0.003409,0.000829,1.000000
-0.905457,0.036636,-0.192885,0.139479,0.094278,0.068341,0.055123,0.107430,0.010799,-0.101600,-0.065109,0.021036,-0.025735,0.006174,-0.029363,0.000510,-0.025905,-0.043310,0.011210,-0.016770,-0.102136,0.121995,-0.003546,-0.062319,0.085772,0.034164,-0.006602,-0.039768,-0.002971,0.002159,-0.005386,-0.050730,0.015276,-0.016102,0.001148,0.008976,-0.036201,-0.002476,-0.008032,0.042490,-0.050426,0.020955,0.016228,-0.030913,-0.005536,-0.022460,0.015363,0.024837,-0.008505,0.016740,0.013452,-0.015250,0.022599,0.032901,-0.000954,-0.006409,-0.021072,-0.003167,-0.017928,-0.001457,-0.001947,-0.008365,-0.019103,-0.001705,-0.013285,0.024919,0.008228,-0.003747,0.014653,-0.019376,0.010514,0.006686,0.009874,-0.022349,0.010019,0.013234,-0.016219,0.000402,0.013881,-0.025193,0.005884,-0.000312,0.009286,0.001918,0.007433,0.006165,0.022965,0.013922,-0.013487,-0.035626,0.006304,0.009483,-0.014903,0.018190,-0.011469,-0.028839,-0.025883,-0.024389,-0.011523,0.003226,-0.004663,0.022750,-0.020415,0.008598,-0.004771,-0.013617,-0.008252,-0.001611,0.005393,-0.003102,-0.006605,-0.002256,0.010258,-0.011528,-0.026822,-0.015705,-0.004475,-0.002574,-0.007757,0.007037,-0.001961,-0.008757,-0.011199,0.014554,0.010799,-0.013944,-0.013530,-0.008566,-0.014366,-0.008358,-0.009827,-0.012133,0.009853,0.003192,0.003456,-0.006651,-0.005107,-0.008389,0.003013,0.000767,-0.006424,0.000186,-0.004358,0.005123,-0.001964,0.005210,0.007314,0.007899,-0.003153,-0.002099,0.010998,-0.000951,0.006215,0.000203,0.003837,-0.015852,-0.002954,0.000824,-0.004678,-0.006652,0.000262,0.007336,-0.007358,0.008765,-0.003583,-0.004576,0.003876,0.002569,0.002175,0.000759,0.000085,-0.000262,0.001044,0.001261,-0.003444,0.016052,-0.004667,-0.024125,0.004481,0.001388,-0.002196,-0.002529,0.012812,0.009323,-0.003118,0.006436,-0.007757,-0.005063,0.003659,-0.014428,-0.001736,-0.006397,-0.001397,0.000261,-0.000223,0.016679,-0.001090,-0.000593,0.010657,-0.002744,0.001733,-0.001717,-0.003151,0.010839,0.005662,-0.007056,-0.012049,0.017144,0.006635,0.002953,0.008070,0.005638,0.007816,-0.004374,-0.002270,0.005459,-0.008809,-0.007246,-0.000578,0.005364,-0.001193,-0.007086,-0.010053,-0.002473,-0.002450,0.004666,0.009062,0.000055,0.001016,-0.003542,-0.009853,0.000062,0.006347,0.002715,-0.008598,-0.008667,-0.004742,-0.003449,-0.010655,0.000118,0.006243,-0.001472,0.001126,-0.000421,-0.002171,0.003017,0.007131,0.002767,0.004459,0.006218,0.002097,-0.000126,-0.007951,-0.001401,-0.002767,-0.009762,-0.000799,0.006926,-0.007699,0.003454,0.003400,0.004199,-0.004194,0.000895,0.000184,-0.013631,0.004508,0.002572,0.000201,0.007247,0.001169,-0.002048,0.000362,-0.001052,0.003463,-0.003183,0.001670,-0.001602,-0.002990,-0.002513,-0.001609,0.001320,-0.001632,0.009847,0.001227,-0.001732,0.000066,0.007809,-0.002728,0.003327,0.003676,0.002909,0.004294,0.003414,-0.003300,-0.002018,-0.005309,0.002243,-0.000688,-0.000848,2.000000
-0.888859,-0.164484,-0.282373,-0.133347,0.065405,-0.022491,0.123075,0.015332,0.013185,-0.081673,0.070147,-0.028130,-0.049750,-0.017782,-0.029075,0.002192,-0.031255,-0.041038,-0.041164,-0.010595,-0.024316,0.081673,-0.024315,-0.028699,0.094739,0.051186,0.007424,-0.017203,0.017969,0.000637,-0.011031,0.009567,0.010270,-0.033533,0.007528,0.000487,-0.026353,0.001746,0.006395,0.047942,-0.012860,0.000650,0.019716,-0.001150,0.053234,-0.021156,0.021485,-0.018752,0.010588,0.004667,0.004141,-0.039967,0.009781,0.017651,0.000557,0.006298,-0.015383,-0.012790,-0.012475,0.002871,-0.001552,-0.003349,-0.004174,-0.012053,-0.010163,0.010885,0.008745,-0.009353,0.015692,0.005408,0.021168,-0.009121,0.011783,0.001901,-0.011159,0.003744,-0.005388,0.007946,0.010875,-0.002280,0.015776,0.005195,-0.015087,-0.003709,0.009913,0.012377,0.017061,-0.003122,-0.002151,0.004321,-0.000182,0.015338,-0.009037,-0.007125,-0.003043,-0.017993,-0.007442,-0.000330,-0.018860,-0.004306,-0.004927,0.022709,0.002185,0.007605,0.009331,-0.003250,0.001542,-0.010024,0.000758,-0.007695,0.004548,0.000576,0.001862,-0.010218,-0.012054,-0.009770,-0.011479,-0.009553,-0.003475,0.015549,-0.011025,-0.003447,0.010054,-0.001487,-0.005906,-0.003736,-0.019573,-0.015858,0.000611,-0.002160,-0.009062,-0.006419,0.009350,0.000503,0.006393,-0.006655,0.014073,0.007499,-0.004732,-0.004322,-0.006083,0.002406,0.006178,0.005392,0.010662,0.007971,0.004070,0.006683,-0.003939,0.000952,0.007400,-0.000933,-0.000475,0.002066,-0.010724,0.001742,-0.005866,-0.006471,-0.003626,-0.000989,0.004813,0.001725,-0.001170,-0.004103,-0.007113,-0.008141,0.009760,0.000586,-0.010015,0.005299,-0.000429,-0.002302,0.012147,0.002215,-0.003591,0.007324,0.001551,-0.006512,-0.007945,-0.004416,-0.003451,0.006109,0.004564,0.002674,-0.006029,0.002288,0.001102,0.001426,-0.002045,-0.011478,-0.006670,0.009586,-0.004766,-0.000533,0.005394,0.007405,-0.000940,0.001631,0.011336,0.006749,0.001418,-0.007540,-0.000507,-0.001507,-0.001530,-0.007944,-0.009537,0.005113,0.003303,0.001999,0.004279,-0.004399,0.006018,-0.005338,0.002620,0.007687,-0.004716,0.002542,0.004444,0.018355,0.005487,-0.005594,-0.009180,0.001427,0.001240,0.000829,-0.000603,-0.000280,-0.005332,-0.007242,-0.004848,-0.000578,0.000759,0.007439,0.000206,-0.008584,-0.004760,-0.000716,-0.004419,-0.002544,0.005350,0.004581,0.007936,0.002718,0.001085,0.003921,0.003186,0.001204,0.006244,0.003469,0.000696,0.005135,-0.007670,0.007419,0.004578,-0.000957,-0.001637,0.010875,0.001261,0.004870,0.006669,-0.008643,0.000442,0.000135,0.002212,-0.004225,0.009797,0.000536,0.003027,0.001998,-0.003552,-0.000912,-0.002477,0.000381,0.000027,-0.003312,-0.000359,-0.003336,-0.000750,0.004036,-0.001468,-0.000707,0.001329,0.006387,-0.000194,-0.000478,0.006518,0.007121,0.002230,-0.003963,0.003140,0.000753,0.003494,-0.001442,-0.003703,-0.001306,-0.000276,-0.000316,0.001820,-0.001272,1.000000
-0.876038,-0.254917,-0.102847,0.035937,0.193782,0.121770,0.037229,-0.079432,-0.022890,-0.079272,-0.031120,-0.000156,-0.009028,-0.039582,-0.020529,0.028679,-0.070271,-0.004182,0.005554,-0.006732,-0.112588,0.124022,-0.044229,-0.029108,0.070209,0.063592,0.014728,-0.067929,0.058451,0.039762,0.013840,0.007974,0.034824,-0.032560,-0.013975,0.006522,-0.045207,0.003177,0.009691,0.045327,-0.010464,0.036179,0.023627,-0.022593,0.017028,-0.011981,0.006051,0.024357,-0.015407,-0.020088,0.034485,-0.028044,0.001657,0.019523,0.009925,0.027367,-0.015735,0.030684,-0.025192,-0.008679,-0.005210,-0.013083,-0.035634,0.000193,-0.001071,0.019760,0.018784,-0.012479,-0.016241,-0.001628,0.014253,-0.001850,0.008125,-0.022621,0.003286,-0.005142,0.000580,-0.000011,0.026318,-0.013601,0.007032,0.007682,0.008313,-0.000555,0.004505,0.009978,0.011443,0.013427,-0.001359,-0.004402,0.007257,0.012217,-0.003643,-0.011158,-0.005052,-0.009732,-0.012399,-0.019121,0.004012,-0.008893,-0.000185,0.013032,-0.019128,-0.004337,0.004839,0.007123,-0.008223,-0.000042,0.016417,-0.001858,0.004027,-0.005619,0.001269,-0.002975,-0.017516,-0.014108,-0.005390,-0.001756,0.005297,0.002515,-0.009225,-0.002925,-0.010800,-0.006591,0.014991,-0.012699,-0.016175,0.000009,-0.006066,-0.007054,-0.003999,-0.005259,-0.003926,-0.007211,0.003057,0.005323,0.001729,-0.013704,-0.006588,-0.002746,-0.012341,-0.008368,-0.002188,0.005167,-0.001192,0.011923,-0.004137,-0.011233,0.000012,0.000640,0.015285,0.006027,-0.001476,-0.000558,0.004594,-0.000249,0.008094,0.000746,-0.004132,-0.001442,0.001858,0.001441,0.000810,-0.001382,-0.006513,-0.009252,0.011344,-0.010868,0.005021,-0.010519,-0.005989,-0.001445,0.000085,0.004368,0.001599,0.004623,0.003318,-0.000101,-0.010578,0.002870,0.002769,-0.004650,-0.006018,-0.000359,-0.006543,0.002950,-0.003354,0.001259,0.004466,-0.010480,-0.002256,0.012105,0.006266,-0.001897,0.008490,0.007051,-0.008543,0.005805,0.006329,0.001044,-0.004515,-0.008306,-0.013355,0.008014,-0.004925,-0.006729,-0.003896,0.001485,0.001018,-0.000176,0.006188,0.006868,0.009117,-0.008323,0.000802,0.001666,-0.007870,-0.002389,-0.000670,-0.001982,0.008068,-0.006529,-0.006209,-0.000374,0.001733,0.001181,0.017089,0.001084,0.000050,-0.004437,0.002288,-0.004446,0.002965,-0.002816,0.000692,0.003070,-0.003791,-0.004091,-0.003022,-0.007687,0.003887,-0.001598,0.002114,-0.002760,-0.002702,0.003154,0.016094,0.000705,0.011911,-0.000336,-0.004067,-0.004672,-0.000499,0.000605,0.001242,-0.000111,0.001327,0.004220,0.001808,0.003908,0.003560,0.003149,0.005913,-0.002660,0.005218,-0.007763,0.004953,-0.000985,0.004431,0.008598,-0.000009,-0.002694,-0.005107,0.002538,0.005189,-0.000239,-0.000777,-0.004219,-0.000368,0.001889,-0.000937,0.002291,0.003100,0.010635,0.000191,-0.000937,0.001246,0.003518,0.003679,-0.003337,0.001907,0.000882,0.008251,-0.002166,-0.002748,0.003797,-0.000100,0.002498,-0.009462,0.003316,1.000000
-0.887137,-0.240800,-0.114641,0.157841,0.111959,0.070555,0.107983,0.071979,0.087266,-0.029397,-0.064025,-0.040812,-0.049208,-0.070512,-0.029658,0.022147,0.010327,-0.035784,-0.018100,-0.047959,-0.004338,0.069758,-0.002644,-0.049846,0.087977,0.051849,0.015644,0.000418,0.018409,0.003159,0.019525,0.027980,-0.023532,-0.004149,-0.010873,0.014143,-0.039475,-0.006902,0.017348,0.004371,0.004737,0.050622,0.021892,0.016099,0.039360,-0.010865,0.012258,-0.015128,-0.023428,-0.000390,0.015989,-0.024744,-0.024687,0.005745,-0.017234,0.025435,-0.014538,-0.002616,-0.009646,-0.001437,0.002286,0.012450,-0.027033,-0.026905,0.005913,0.018136,0.001398,0.003995,0.016778,0.003835,0.012459,0.002296,0.030944,-0.015736,-0.004226,0.005232,-0.016172,0.000126,-0.003409,-0.013567,0.028288,0.008320,0.006026,0.017366,0.014158,0.024778,0.011657,0.015862,-0.012783,-0.024760,-0.003515,0.010534,-0.021049,-0.015952,0.020061,-0.015727,-0.024363,-0.021207,-0.011692,-0.009691,-0.005397,0.018548,-0.001859,-0.022988,0.003203,0.017652,0.014608,-0.003428,0.023036,-0.007529,0.012215,-0.013656,0.000754,0.015527,-0.005116,0.009262,0.005416,-0.015381,-0.006086,0.000168,-0.001970,0.009821,0.005615,0.004936,0.005378,-0.023012,-0.021838,0.007260,-0.014776,0.002420,-0.011839,-0.015141,0.018271,-0.016795,0.015449,-0.008122,-0.001681,-0.005705,0.003015,0.009996,0.005869,0.007733,0.003177,-0.002780,0.021911,0.006446,-0.001431,0.007950,0.011069,-0.000406,-0.000374,0.000681,0.007541,-0.007596,0.028813,-0.006507,0.009688,-0.005412,0.001539,-0.008220,-0.000660,-0.004855,0.000499,-0.000541,-0.012817,-0.031170,0.008825,0.000332,-0.003335,-0.007554,-0.007996,-0.006308,0.002605,0.009132,-0.013620,0.006774,0.001118,-0.002364,-0.000322,0.010700,0.002326,-0.007647,-0.009221,0.012329,-0.005747,0.010047,-0.000966,-0.005259,-0.006515,-0.011381,-0.001220,0.009713,-0.000861,0.007970,0.007315,0.009105,0.007000,0.010328,0.013452,0.005594,-0.006351,-0.009506,0.012915,0.011890,0.012385,-0.012503,-0.009469,-0.006715,0.004437,-0.004887,0.002097,-0.001307,0.015929,-0.006200,-0.002447,0.003182,0.003022,-0.006929,0.002462,0.002712,-0.004615,0.002101,-0.014075,0.003238,-0.007794,0.000686,0.006311,0.000877,-0.006065,-0.001817,-0.007085,-0.001541,-0.005673,0.003653,-0.006612,0.003161,-0.003381,0.004967,-0.008671,0.006708,0.000710,0.007906,-0.000321,-0.002104,-0.000464,0.001543,0.008627,0.002014,0.001819,0.004441,-0.002028,-0.005802,-0.004340,0.004617,0.009517,-0.000532,0.003888,0.005995,-0.005597,-0.005962,0.010248,-0.002406,-0.002788,0.003032,0.009983,-0.001705,0.007619,-0.012934,0.002919,0.002200,-0.004692,-0.004227,-0.005626,-0.004215,0.000677,0.006152,0.005434,-0.000930,-0.001745,0.000088,-0.002583,0.000641,-0.002905,0.000425,0.001062,-0.006052,-0.001835,-0.000836,0.000187,-0.001167,0.009511,0.001886,0.003488,0.002640,0.003734,-0.005617,-0.000269,0.001675,-0.004318,-0.000097,1.000000
-0.943139,-0.035899,0.109343,0.065687,0.057179,0.133602,0.108510,-0.049532,0.012193,-0.006659,-0.008526,0.029993,0.043690,0.022111,-0.032068,-0.012115,0.005165,-0.055272,-0.004247,-0.009745,-0.103361,0.047780,0.003446,-0.030344,0.079604,0.069821,0.040806,-0.021028,0.011927,0.017855,0.013315,0.005727,0.010003,-0.023248,0.028219,0.020302,-0.053468,-0.013761,0.014450,0.000364,-0.033379,-0.000579,0.010990,-0.007241,0.019752,-0.015355,0.020113,-0.026859,-0.011579,0.011417,0.014324,-0.013188,0.005800,0.025332,0.004907,-0.009824,-0.030589,0.010331,-0.008016,0.010679,-0.013789,0.003790,-0.022529,-0.012044,-0.015194,0.007245,0.010819,-0.006837,0.015022,0.005621,0.012935,-0.024971,0.008311,-0.022617,-0.002632,-0.008709,-0.003672,0.016134,0.014357,0.011454,0.009811,-0.002534,-0.004543,0.000963,0.009789,0.008158,0.010012,0.007882,0.004761,-0.006980,-0.002086,0.018138,-0.007749,-0.008853,-0.007519,-0.016354,-0.017194,-0.016843,-0.010816,0.007200,0.003373,0.014838,0.001620,0.000850,0.000094,-0.008817,0.006249,-0.002597,0.007889,-0.004082,0.005324,-0.006069,-0.004340,-0.005735,-0.015975,-0.015130,-0.002157,0.000730,-0.000992,0.010418,0.003232,-0.000151,0.001647,0.005418,0.001594,-0.001937,-0.014088,-0.008984,-0.007298,-0.009845,-0.009369,-0.005023,0.009333,0.003298,-0.000460,-0.000550,0.001326,0.003520,-0.014044,0.006840,-0.006023,0.004243,0.008787,0.006830,-0.000281,0.007118,-0.001185,-0.000812,0.001885,0.008632,0.009770,0.003265,0.004144,-0.001599,-0.001046,-0.001135,-0.005020,0.009215,-0.007672,0.000979,0.002901,-0.008657,-0.001681,0.005271,-0.006240,-0.008235,0.006226,-0.000738,0.005230,-0.003646,0.003606,-0.001285,0.001609,0.006055,-0.002132,0.005310,0.009114,0.004164,-0.006835,0.003471,-0.002097,-0.008831,0.007632,-0.003283,-0.002808,0.003991,0.006768,0.004771,-0.001251,-0.003286,-0.003371,0.009370,-0.001780,-0.000093,0.005195,0.004977,-0.000824,0.005191,0.013190,-0.004578,-0.005567,-0.000489,-0.002204,0.010939,-0.003127,-0.007755,-0.000945,-0.005450,0.005555,-0.001391,0.007179,0.007527,0.005837,-0.002336,-0.001167,0.002112,-0.003828,-0.001295,-0.007015,0.004704,0.001889,0.003725,-0.008397,0.001874,0.001842,0.001795,-0.003825,0.001028,-0.001963,-0.002571,-0.004764,0.001210,0.004238,-0.001339,-0.005059,-0.007021,-0.000945,0.001064,-0.004060,-0.003084,0.003961,0.003028,-0.004958,0.003006,-0.002301,-0.000946,0.001986,-0.000162,0.002752,0.003515,-0.000888,0.000578,0.002615,-0.001959,-0.002649,-0.000851,0.000587,0.003309,-0.003576,0.002046,-0.002323,-0.000475,0.001109,-0.000126,0.002064,-0.004240,0.005428,-0.003804,0.004323,0.005806,0.002472,-0.001564,0.001410,-0.005157,0.000551,0.002948,0.003270,-0.006845,-0.000759,0.004907,0.003560,0.000256,-0.001317,0.003600,-0.002036,-0.000529,0.003123,0.001709,-0.000646,0.000643,0.006392,0.006677,-0.000352,-0.004432,-0.002154,-0.000791,-0.001769,0.003145,-0.001456,0.003636,1.000000
-0.896569,-0.156560,-0.145877,0.006483,-0.011298,0.112481,0.178377,0.029721,0.031959,-0.027832,-0.005622,-0.010851,0.005677,-0.101837,-0.097895,0.064751,-0.029790,-0.068354,-0.018223,-0.051824,-0.086670,0.090364,-0.071769,-0.044046,0.099055,0.032846,0.032564,-0.042270,0.011065,0.035911,-0.029800,0.008586,0.027466,-0.011846,-0.008362,-0.006068,-0.034902,-0.014473,0.033901,0.010040,-0.025672,0.017034,0.000817,0.034965,0.028112,-0.021007,0.020763,0.000635,-0.024238,0.020454,-0.003095,-0.032567,-0.009923,0.029601,0.015643,0.011431,-0.016742,0.010812,-0.025602,0.018538,-0.009307,-0.006200,-0.019708,0.017854,-0.005242,0.025124,0.010100,-0.017046,-0.004425,-0.008408,0.023862,-0.015738,0.025931,-0.022620,0.005565,0.022914,-0.014140,0.014299,0.004956,-0.010099,0.013701,0.010103,0.014087,0.003183,0.008770,0.037893,0.016095,0.018873,0.013960,-0.020772,-0.005062,0.009744,-0.002709,-0.005609,-0.007395,-0.016563,-0.010876,-0.025416,-0.009243,-0.005406,-0.008623,0.022554,-0.009187,0.007558,-0.011541,-0.003580,-0.005301,-0.006554,0.000759,0.003257,0.002542,-0.000643,-0.010214,-0.008410,-0.009451,-0.005344,-0.016018,0.001913,0.002407,0.004487,-0.013924,-0.008875,0.010505,-0.002563,-0.003578,-0.011690,-0.017477,-0.018023,0.007929,-0.018159,-0.009591,-0.009220,0.011798,-0.009275,0.012923,-0.001675,0.010638,-0.002566,-0.008496,0.000467,-0.015821,0.001525,-0.005274,0.002355,-0.000921,0.010491,0.000265,0.000258,0.005981,0.013080,0.015226,0.004715,0.008445,-0.013870,-0.000282,-0.002663,0.006390,0.005623,0.001038,0.003810,-0.003649,-0.007976,0.003485,0.003632,-0.007763,-0.002268,0.008084,-0.002645,0.004102,0.004284,-0.003381,0.005030,0.005682,0.013023,-0.002912,0.013443,-0.002344,-0.012332,-0.001561,0.002369,-0.003551,0.000212,0.000033,-0.001174,0.005053,0.005893,0.005034,-0.007315,-0.002924,-0.003726,-0.013068,0.005039,-0.006965,0.000302,0.000316,0.012944,0.001135,-0.003387,0.006803,-0.004873,0.002048,-0.004688,-0.010046,0.008407,-0.005200,-0.000676,-0.003976,-0.006120,0.002648,0.004064,0.008233,0.002155,0.003292,-0.006003,0.001885,-0.004762,-0.003089,-0.007100,0.000959,-0.001556,0.002321,0.001115,-0.010201,-0.001156,-0.000763,0.003691,0.004038,-0.003115,-0.007616,-0.008343,-0.008161,0.000446,0.007603,-0.000781,-0.005293,-0.009792,-0.005017,-0.001157,-0.008234,-0.003096,0.001829,0.003084,0.007151,-0.001024,0.009123,-0.008550,0.004300,0.006955,0.007765,0.007593,-0.002673,0.002132,-0.002257,0.001459,-0.003039,-0.002620,0.002129,0.004584,-0.008109,0.003753,0.003743,-0.005427,0.003168,-0.001061,0.009227,0.001417,0.010241,0.000215,0.003093,0.009618,0.000942,-0.003439,-0.001830,0.000179,0.006076,0.002097,0.004446,-0.002968,-0.006813,0.007804,0.001930,-0.004666,-0.002412,0.006486,0.010465,0.000834,-0.002509,0.001423,0.008885,-0.000512,0.002215,0.000002,0.007748,-0.000115,0.000685,-0.000088,0.001377,-0.001435,-0.001640,0.007203,1.000000
-0.940071,-0.033375,0.022533,-0.142000,0.097658,0.091608,0.075308,-0.002014,0.046804,-0.007511,-0.111225,-0.019555,0.005367,-0.000036,-0.067447,-0.007687,-0.012550,-0.015617,-0.012123,-0.034956,-0.045931,0.082449,-0.064592,-0.068113,0.086221,0.036849,0.021264,-0.008631,0.016463,-0.005337,0.014929,-0.004472,0.001551,-0.041707,-0.008771,0.010375,-0.022728,-0.004792,0.019848,0.007915,-0.040228,0.016838,-0.022074,-0.001850,0.044330,-0.055078,0.022905,-0.008614,-0.007994,0.003176,-0.004953,-0.006577,0.006819,0.020676,-0.003664,-0.016868,-0.022049,0.006046,-0.009929,-0.000029,0.002878,0.006491,-0.014943,0.012923,-0.002038,0.013232,0.002669,-0.005575,-0.001738,-0.007195,0.011679,0.007906,0.019735,0.006589,-0.006716,-0.007704,-0.016751,-0.009530,0.013996,-0.011113,0.004412,0.010551,-0.011217,-0.002277,0.017842,0.009175,0.024687,0.008729,-0.000133,-0.016779,0.003444,0.009331,-0.010290,-0.000519,0.005814,-0.001606,0.004015,0.002078,-0.009108,0.001012,0.019234,0.023251,0.009509,0.002695,-0.000590,0.001140,0.004114,-0.005681,-0.001829,-0.005694,0.007811,-0.014150,-0.008358,0.007749,-0.014820,-0.003398,-0.004996,-0.008549,0.002130,0.006984,-0.006228,-0.011348,0.007325,-0.004713,-0.008406,-0.013914,-0.008245,-0.007887,0.001862,-0.006605,-0.003741,0.006892,0.001236,0.000344,0.005951,0.004769,0.008864,-0.004282,0.002411,-0.004704,0.002299,0.005968,0.005816,0.012177,-0.004121,0.007675,-0.003667,-0.000652,-0.005368,0.000556,0.008941,-0.002640,0.000625,0.002911,0.006515,0.001193,-0.000518,0.012248,-0.004486,-0.004713,-0.002170,0.000891,-0.000228,0.008465,-0.005655,-0.004723,0.010639,0.003195,-0.001111,0.002253,-0.006035,0.001618,-0.000965,0.003385,-0.000791,0.009053,0.001227,-0.003559,-0.001285,-0.005802,0.002560,-0.005699,-0.004423,-0.000568,0.003012,0.002628,0.002027,-0.004044,0.000857,-0.004087,-0.008768,0.004223,0.001394,0.000416,0.001797,0.002540,-0.001196,0.007855,0.011865,-0.003462,-0.005111,0.001644,-0.008297,0.000721,-0.002008,-0.003917,-0.007690,0.001662,0.000473,0.002572,-0.002155,-0.001220,0.006353,-0.002077,0.001922,0.005185,0.002629,0.001973,0.000859,0.002798,0.003810,-0.003159,-0.005600,-0.000815,0.004023,-0.001510,0.007349,-0.003252,0.001433,-0.000712,-0.006676,0.003407,-0.000509,0.000124,0.002259,-0.002299,-0.001376,-0.002566,-0.007310,-0.000291,0.003041,-0.000874,-0.000365,0.000807,0.004051,0.003123,0.007333,0.003440,0.001033,-0.001610,0.002440,0.000418,-0.001410,0.003995,-0.000861,-0.002722,-0.000123,0.004860,-0.000485,-0.000351,0.001944,-0.001849,-0.001857,0.003553,-0.000259,-0.004044,0.003034,-0.000282,0.001686,0.003226,-0.005572,-0.002840,-0.003378,-0.003047,0.000920,0.002717,-0.000784,-0.001995,0.000699,-0.000535,-0.002823,-0.001350,-0.003091,-0.000916,-0.001346,0.001052,-0.001311,0.001043,0.001619,-0.000364,0.000943,0.001536,0.006413,-0.001041,0.003141,-0.002572,0.000492,0.000921,0.000046,0.004743,2.000000
-0.900498,-0.211928,-0.106379,0.082085,0.061776,0.111084,0.053522,-0.058668,0.089828,-0.048958,-0.020214,0.013501,0.064989,-0.032961,-0.045578,0.035225,-0.001188,-0.059301,-0.006235,-0.103150,-0.031541,0.093111,-0.020219,-0.067168,0.112734,0.046077,0.038097,-0.033943,-0.031687,-0.023246,0.010368,-0.049245,0.050257,-0.013014,0.004351,-0.008028,-0.039241,-0.047150,0.017554,0.003946,-0.018142,0.008411,0.026908,-0.009320,0.039455,-0.031418,0.001565,-0.010911,0.010825,-0.011149,0.021994,-0.025787,-0.010236,0.036072,-0.020739,0.023290,-0.027925,0.008487,-0.002043,0.035858,0.001407,-0.014922,-0.034942,0.001898,0.019410,0.003918,0.009258,0.013609,0.014896,0.003599,0.014151,-0.000817,0.008517,-0.021568,-0.008609,-0.004553,-0.013571,0.015640,0.017031,-0.028402,0.014348,0.016634,-0.008818,0.012769,0.011663,0.004687,0.014635,0.018420,-0.005933,-0.015963,0.005457,0.010787,-0.006277,-0.017371,-0.021556,-0.016719,-0.002054,-0.017551,-0.005412,-0.013121,-0.012165,0.004175,-0.018502,0.008197,-0.016546,-0.004523,0.005852,-0.014862,0.005598,0.007702,0.012138,-0.004084,-0.011506,0.002485,-0.006830,-0.008758,-0.023442,-0.009667,-0.001218,0.002643,0.002059,0.004227,-0.011291,0.010185,-0.012781,-0.014657,-0.006420,-0.009027,-0.006207,-0.007748,-0.010467,-0.005350,0.003597,0.001219,-0.004070,0.003008,0.004419,-0.000979,-0.002667,-0.002489,-0.009215,-0.003189,0.014542,0.000923,0.001283,-0.000364,0.003397,-0.001338,-0.006234,-0.000442,0.000209,-0.006882,0.003212,-0.003873,-0.002716,-0.001945,0.003744,-0.012823,-0.008847,0.006262,-0.004639,-0.008488,-0.012162,0.011015,-0.002027,-0.007810,0.006305,-0.008710,-0.008446,0.010076,0.010213,0.005958,0.009714,0.016196,-0.003516,0.000030,0.013115,0.000580,-0.003374,-0.008483,-0.002252,0.003331,-0.000011,0.004688,-0.003690,-0.001499,0.000258,-0.001899,-0.007212,-0.008776,0.005167,0.008306,-0.000585,-0.003327,-0.002646,0.005023,-0.005681,0.005917,0.014291,-0.007514,0.008647,-0.004694,-0.000936,-0.002093,0.001419,0.005309,-0.010235,-0.001974,0.000598,0.006398,-0.000101,0.006643,0.007306,-0.010084,-0.012340,-0.003785,-0.001329,-0.002069,0.004563,0.007079,0.001450,-0.014256,-0.005976,0.005579,0.000303,-0.000686,0.012385,-0.000812,0.002692,0.001313,-0.005870,-0.007927,-0.004370,-0.004726,-0.007608,-0.002446,-0.005460,-0.002849,-0.011365,-0.004153,0.000405,0.005777,-0.002630,-0.007458,-0.003987,0.000487,0.012508,0.002899,-0.002738,-0.000459,0.002946,0.003263,-0.004131,0.000543,-0.000094,-0.000543,-0.002340,-0.002036,-0.005008,0.004012,0.000510,0.001750,-0.002509,0.001926,-0.000003,0.005226,0.008948,-0.001297,-0.003527,0.003975,0.000776,-0.008093,0.004540,-0.008513,-0.001457,-0.004693,0.000393,-0.010368,-0.008627,0.001006,-0.000647,-0.001611,-0.002308,0.002626,-0.003895,0.000311,-0.003090,0.004891,-0.004457,-0.001914,0.002471,-0.004936,0.003438,0.003736,0.001928,0.000388,-0.002146,0.004246,-0.001670,0.004735,1.000000
-0.936479,-0.124600,0.147522,0.012884,0.076012,0.040220,-0.009824,-0.020274,0.005991,-0.072892,-0.097535,-0.055467,-0.029377,-0.036693,-0.029157,0.073804,-0.019154,-0.042974,-0.010619,-0.024454,-0.052853,0.064410,-0.032150,-0.046960,0.081007,0.060697,0.022197,-0.002856,0.020939,0.024547,0.016618,-0.021503,0.026618,0.003206,-0.004715,0.023523,-0.018832,-0.004834,0.028689,0.020907,-0.031075,0.036773,-0.028404,0.006656,0.000919,0.000042,0.012907,-0.009258,-0.004350,-0.012318,0.008166,-0.025053,0.005624,0.021716,-0.020477,0.009134,-0.023900,0.016601,-0.019062,0.011745,-0.018712,-0.028279,-0.010184,-0.016233,-0.016959,0.015103,0.020399,-0.010216,0.001437,-0.013099,0.003802,-0.018186,0.012321,-0.024405,-0.021317,0.008470,0.008617,-0.013800,0.017236,-0.004514,0.012164,0.008916,-0.006121,-0.006369,0.002207,0.017559,0.017374,0.018050,0.009929,0.003317,-0.003885,0.010745,-0.014340,0.004807,-0.001661,-0.024592,-0.014770,-0.018343,-0.012455,-0.013149,-0.013561,0.030757,-0.004271,0.005816,-0.001553,-0.009896,0.006805,-0.002836,-0.001349,0.001589,-0.006299,-0.014980,-0.002253,-0.006441,-0.017520,-0.000351,-0.006599,-0.001603,-0.001783,0.006407,-0.000158,-0.001039,-0.000015,-0.002986,-0.005809,-0.016692,-0.008542,-0.004974,-0.003735,-0.004590,-0.015905,-0.013885,0.003695,-0.004008,0.009179,-0.009301,0.003078,0.001870,-0.009256,-0.000105,-0.004629,-0.003901,0.002333,0.005294,0.001174,0.009595,-0.004178,0.010009,-0.005306,0.007513,0.009992,0.004400,0.004771,-0.004058,-0.007783,-0.005703,-0.006189,0.003166,-0.010136,-0.001641,0.003489,-0.012383,0.010423,0.005319,0.005118,0.000117,0.019915,0.009641,-0.007072,0.001657,-0.010117,0.004825,-0.004727,0.003257,-0.005181,0.009063,-0.000095,-0.006599,-0.007581,-0.002473,0.005290,-0.005075,-0.000983,0.009368,-0.001845,0.015454,-0.002231,0.005550,0.005341,0.003299,-0.002636,0.002675,0.005468,-0.005796,-0.001175,-0.002159,-0.003184,-0.000432,0.003701,-0.010913,-0.001103,-0.003591,-0.000557,0.001782,0.006132,-0.010807,0.001359,0.001314,0.008038,-0.003190,0.008231,0.001975,-0.004845,-0.000178,-0.002001,0.003604,-0.002081,-0.004448,0.005639,0.006653,0.004330,-0.000893,-0.002468,0.003019,-0.001607,0.006618,0.010907,0.001889,-0.003848,-0.005478,-0.001416,-0.005284,-0.006245,0.001272,-0.004327,-0.004158,-0.000230,-0.000717,-0.008270,0.002031,-0.001867,-0.001853,0.000871,0.002979,0.003866,-0.003895,0.008944,0.007094,-0.006076,-0.002233,0.004166,-0.000936,-0.001691,-0.003152,-0.001225,-0.000568,-0.005508,-0.005683,-0.005046,-0.004918,0.003096,-0.005895,-0.001770,0.001768,0.001981,-0.006744,0.002625,0.000369,0.007431,-0.003394,0.001222,-0.004766,-0.000339,-0.010004,-0.002606,-0.004326,0.003863,0.002166,0.003277,0.003724,-0.001272,0.002569,-0.004529,0.008978,0.001848,-0.007847,-0.003648,0.004238,0.000597,0.001718,-0.000357,0.000117,-0.002853,0.003001,0.005091,-0.000077,-0.003984,-0.000095,-0.000797,0.004709,1.000000
-0.961884,0.067876,-0.143515,-0.014150,0.036602,0.069356,0.067357,-0.041837,0.030815,-0.024350,-0.064451,0.019615,-0.004407,-0.007687,-0.049253,-0.016516,-0.013616,-0.031409,-0.016922,0.015928,-0.014284,0.034093,-0.055858,-0.017005,0.061247,0.039522,0.004335,-0.008130,0.025826,0.009890,-0.015267,-0.054955,0.010302,-0.021469,-0.001559,-0.016365,-0.018694,-0.014465,-0.005597,0.004466,0.005060,0.022333,0.024452,0.007407,0.013873,0.006042,0.020948,-0.017519,0.009865,0.009914,0.008897,-0.033183,0.001008,0.014886,-0.003043,0.004552,-0.026888,0.008300,-0.009375,-0.004504,-0.008994,-0.003776,-0.009076,-0.011590,0.002955,-0.006582,-0.001432,-0.011035,0.003302,0.002541,0.004651,-0.009313,0.011051,-0.019885,0.004807,-0.004030,-0.002628,-0.000309,0.012054,-0.008758,0.001212,0.008071,0.000913,-0.008341,0.010958,0.004093,0.012365,0.007936,0.012645,-0.002654,0.003279,0.001081,-0.006845,-0.004145,0.003228,-0.011103,-0.016882,-0.010172,-0.005506,0.003627,-0.004416,0.007829,-0.007331,0.001858,-0.005011,-0.013176,0.002544,-0.002855,0.006454,0.000109,0.002496,0.006614,-0.005223,0.008234,-0.002050,-0.005775,0.002649,0.000989,-0.005621,0.000003,-0.003952,-0.003691,-0.006159,-0.002038,0.003175,-0.011315,-0.012238,-0.005688,-0.000101,-0.001036,-0.008532,-0.004217,0.001366,-0.010358,0.001110,0.001267,0.001379,-0.004288,-0.000024,0.005918,-0.002143,0.002700,-0.000983,0.009591,-0.002400,0.005602,0.000643,-0.001043,-0.001261,0.003207,0.002852,-0.003740,0.003755,-0.001900,0.009187,-0.000747,-0.005086,0.004938,-0.010932,-0.000472,-0.000356,-0.005526,0.005998,0.005573,-0.003492,-0.000167,0.012744,0.000459,-0.004105,0.003171,-0.002888,0.004040,0.004939,0.004658,-0.004738,0.011020,-0.005958,-0.002526,-0.003489,0.000780,0.000364,0.000341,0.003094,0.001004,0.000499,0.000046,-0.003720,-0.001877,0.003427,-0.000112,-0.005439,0.007025,0.000048,0.001065,0.004154,0.009665,-0.003395,-0.001096,0.003592,-0.004215,-0.000266,0.002003,-0.002392,0.002580,-0.000667,-0.000424,-0.006123,0.000668,0.001012,-0.001573,0.000743,0.004967,0.002159,0.000026,-0.002543,0.003928,-0.003299,-0.006291,-0.003391,0.004948,0.002551,-0.005724,-0.004537,0.002990,0.002802,-0.001094,0.001909,0.002422,-0.003473,-0.002889,-0.000944,0.003595,0.001798,0.001883,-0.000749,-0.004325,-0.000949,-0.000986,-0.003412,0.000558,0.003360,0.003870,0.002095,-0.003513,-0.002426,-0.000481,0.007287,-0.000922,0.003920,0.004378,0.000286,-0.000454,-0.000945,0.003992,-0.002695,-0.001558,-0.002287,0.001794,-0.002931,0.003199,0.001798,0.000662,-0.004295,0.001373,0.002243,-0.005326,0.007689,-0.002351,0.002908,0.005332,-0.001055,-0.000529,-0.002008,-0.002055,0.000913,0.001769,0.000731,-0.002470,0.001742,0.002288,-0.000537,-0.001814,0.001079,0.000045,0.002928,-0.001029,-0.000474,0.002357,0.002144,-0.000729,0.002201,0.002182,0.000395,0.000767,0.000866,0.001001,0.000816,0.001778,-0.000607,0.003558,2.000000
-0.929396,-0.171186,-0.074677,0.138505,-0.017438,-0.054889,0.069537,-0.060869,0.061847,-0.083612,-0.123831,0.007162,-0.017958,-0.018059,-0.026038,0.051498,-0.044182,-0.024790,-0.018688,-0.045447,-0.044171,0.079892,-0.028468,-0.082459,0.044301,-0.002483,0.021285,-0.044778,0.012078,0.006670,0.003864,-0.012270,0.018764,-0.047968,0.008989,-0.003003,-0.009671,0.001231,0.009714,0.022965,-0.005630,0.008034,0.002281,0.008793,0.019576,-0.007366,0.026723,0.004923,0.018769,0.009115,-0.000375,-0.012395,-0.015314,0.016142,-0.019942,-0.010733,0.003356,0.003433,-0.000928,0.003102,-0.012374,-0.012309,-0.034627,-0.009336,-0.009450,0.012092,0.004061,-0.002692,0.021042,0.002714,0.008705,-0.021859,-0.006175,-0.018130,0.006074,0.004806,0.001581,0.002653,0.007431,0.010304,0.006324,-0.005703,0.009279,0.005207,-0.001764,0.006467,0.008952,0.003666,-0.001056,-0.006130,0.014156,0.009656,-0.009893,-0.002001,-0.004076,-0.010851,-0.004069,-0.002734,-0.004342,-0.000566,-0.002450,0.013688,-0.005569,0.006057,-0.001815,0.005440,-0.001096,0.001589,0.013010,-0.008831,-0.002492,-0.001510,-0.008992,0.004539,-0.009645,-0.011671,0.001458,-0.001602,-0.001546,0.010060,0.000053,0.004499,0.005403,-0.001437,0.001400,-0.006108,-0.003669,-0.000245,-0.006273,-0.002647,-0.004431,-0.010123,0.003757,0.001720,-0.002199,0.007741,-0.000827,-0.009803,-0.002805,-0.003664,0.000862,0.007948,0.005887,0.006279,-0.004849,0.003333,0.009052,0.002839,0.004560,0.007625,0.003043,0.003384,-0.003262,-0.003504,-0.002565,-0.000828,0.002035,0.003274,-0.000884,-0.006313,0.000105,-0.004886,0.001411,-0.001107,-0.001227,-0.007050,0.011275,0.004435,0.002334,-0.002474,-0.009018,0.009314,0.006170,0.007084,-0.000645,0.001379,-0.000731,-0.005036,0.002908,-0.004212,0.000814,0.000172,0.002203,0.001604,0.002579,0.001211,-0.002266,0.000454,-0.001506,-0.003468,-0.002922,0.005854,-0.002065,0.000212,0.004470,0.003375,0.002141,0.000876,0.005356,-0.003185,-0.004497,0.005758,-0.000737,0.000064,-0.000918,-0.002748,0.004526,-0.002391,0.007562,0.000539,-0.003335,0.007124,-0.004134,-0.002896,-0.000973,-0.003791,-0.001591,-0.004573,-0.001551,0.003853,-0.001022,-0.003721,-0.008029,0.000489,-0.004937,0.003848,0.002528,0.001684,-0.004297,-0.001265,0.000662,-0.004346,0.003226,0.002719,-0.008034,-0.004291,0.001456,0.003719,-0.001556,-0.002493,0.001798,0.002987,0.000049,-0.000318,-0.001392,0.002491,-0.000810,-0.000601,0.000448,0.001672,-0.001560,-0.001111,-0.003047,0.002193,0.001543,0.001601,0.000164,0.006705,-0.000487,-0.000472,-0.001504,-0.001412,0.003239,0.002294,0.001686,-0.007899,0.003194,-0.001813,0.001493,-0.001546,0.001614,0.002721,-0.001985,-0.001888,0.000449,0.001430,0.003477,-0.003604,-0.002795,0.004390,-0.000050,-0.004483,-0.002754,0.000979,0.000852,-0.000654,-0.000975,0.000188,-0.000696,-0.000897,0.001293,0.001457,0.004715,0.003379,0.001363,0.002006,-0.002521,-0.001949,-0.004112,0.002922,1.000000
-0.915741,-0.189709,-0.269389,0.002863,0.101860,0.095166,0.046784,-0.020256,0.006847,-0.023920,-0.046080,0.001694,-0.005376,-0.048049,-0.023233,0.006060,0.008353,-0.013553,-0.020974,-0.050246,-0.049836,0.056285,-0.020884,-0.007454,0.063232,0.036925,0.017576,-0.006153,-0.017494,0.014947,-0.008560,-0.010433,0.002158,-0.005714,-0.009741,-0.000600,-0.012450,0.015467,-0.021185,0.024138,-0.020315,-0.000668,0.008847,-0.007347,0.002063,-0.005566,0.018552,0.001667,-0.006214,0.009249,0.015579,-0.021799,-0.001768,0.010952,-0.010971,0.007286,-0.004908,0.006093,-0.000480,-0.004777,-0.003736,-0.007751,-0.000595,-0.004576,-0.006519,-0.007784,0.003788,0.011935,0.002967,0.001664,-0.002841,-0.004065,-0.003036,-0.016384,0.002811,0.001625,-0.004056,0.005243,0.000684,-0.005943,0.002142,-0.000105,-0.009893,-0.002521,0.017353,0.001742,0.011991,0.010523,0.002401,-0.010140,0.006810,0.004287,0.001078,0.000288,-0.003292,0.001216,-0.003764,-0.014981,-0.006064,-0.001585,-0.002995,0.014283,0.007899,0.007428,-0.000429,0.004461,0.000503,0.003441,0.002237,-0.003927,0.008141,-0.011947,-0.005082,0.006689,-0.013147,-0.004483,-0.006315,-0.001739,-0.004955,0.004280,0.000178,0.000987,-0.008814,0.005573,0.003701,-0.001560,-0.009512,-0.001250,-0.003444,-0.009572,-0.004573,-0.004225,-0.003387,-0.005020,-0.001351,-0.003739,0.004879,0.001613,-0.009289,0.000437,-0.005322,0.004201,-0.003564,0.006239,0.002090,0.011629,-0.008768,-0.006775,0.003350,0.010145,0.002243,0.002325,-0.002874,-0.006024,0.004420,-0.001797,0.001407,-0.002804,-0.009145,0.002032,-0.001582,0.000093,0.000756,0.007884,-0.002136,-0.000869,0.002262,-0.006750,-0.004749,0.003207,-0.001172,0.002040,0.001868,0.004063,0.001432,0.003580,0.004678,-0.009091,-0.001655,-0.004366,-0.001825,-0.003760,-0.001087,-0.002394,-0.004236,0.005593,0.003317,0.000383,-0.007985,0.002324,-0.001413,0.007920,-0.003976,-0.000864,0.002677,0.003239,0.000830,0.003019,0.008621,-0.001524,-0.003842,-0.003864,-0.004994,0.001511,0.001913,-0.003256,0.005311,0.000311,0.006648,-0.000762,-0.002219,0.003359,-0.002997,-0.003416,0.002659,-0.001502,-0.005518,-0.001902,0.000565,0.006759,-0.000266,-0.001044,-0.001816,-0.002380,-0.004076,0.004989,0.009751,-0.001977,-0.000779,-0.004154,-0.001980,-0.000205,0.002736,0.003617,0.002386,-0.003249,0.001045,-0.000138,-0.004600,0.003674,0.002418,0.003083,0.004152,-0.004178,-0.000094,0.003039,0.000867,0.002415,0.000119,-0.000205,-0.004068,0.000855,-0.001461,0.000961,-0.000072,-0.003036,0.002030,0.000026,0.003137,0.002289,0.005275,-0.000399,-0.003443,0.000545,-0.000238,-0.002934,0.001376,-0.004214,0.000625,0.001296,-0.004359,-0.004154,-0.004038,-0.002663,-0.002448,0.001678,-0.000612,-0.006856,-0.002970,-0.002080,-0.001848,-0.003622,-0.001141,0.003962,0.002371,0.001865,-0.001797,0.004485,0.004747,0.000567,0.003546,0.000134,0.003892,0.002571,0.000898,-0.005180,-0.000731,0.001566,-0.001724,0.003801,2.000000
-0.871194,0.053749,-0.391913,0.112574,0.108357,0.000050,0.051947,-0.030061,0.002648,-0.041299,-0.073662,-0.019832,0.022660,-0.066852,0.000251,0.044584,-0.010705,-0.020878,-0.008641,-0.032424,-0.087519,0.039454,-0.061793,0.001841,0.073173,0.044011,0.004151,-0.020626,0.014298,0.017419,-0.004381,0.005056,-0.020835,-0.027608,-0.004248,0.000290,-0.044664,-0.013170,0.020291,0.000279,-0.007923,0.007428,0.001642,-0.000827,0.019687,-0.019594,0.003947,-0.005234,0.001242,0.014586,0.001355,-0.021580,0.001172,0.023896,-0.021769,-0.002307,-0.019905,0.000077,-0.010167,0.005434,-0.015431,0.002781,-0.020604,0.026844,-0.008198,0.001984,-0.000502,-0.014524,-0.006894,0.016924,0.023340,-0.002795,0.014565,-0.022305,-0.004629,0.001399,0.008092,0.014219,0.000765,-0.007335,0.003056,0.004235,0.005058,-0.001629,0.004797,0.001503,0.019266,0.009659,-0.003536,-0.007470,-0.003568,0.015898,0.000046,-0.007217,-0.007046,-0.018799,-0.013094,-0.012716,-0.017339,-0.008789,-0.002639,0.021817,-0.003132,0.001619,-0.012219,-0.007649,-0.003356,0.001451,-0.003365,0.008964,0.011766,-0.004337,0.001344,0.004460,-0.006287,-0.005861,-0.000471,0.002053,0.006211,-0.006550,-0.003330,0.008753,0.012926,0.008899,0.001835,-0.004499,-0.020461,-0.004098,0.007900,-0.006800,-0.001544,-0.007777,0.010162,0.006907,0.004974,0.001941,0.001732,-0.001084,-0.004701,-0.001099,-0.000030,-0.004272,0.004809,0.010266,-0.004845,0.005260,-0.004431,-0.005802,0.000038,0.005146,0.014537,0.006908,-0.003375,-0.002226,0.012648,0.000528,-0.005772,0.000693,-0.006174,-0.002415,-0.006169,-0.008178,-0.004727,0.004365,-0.001045,-0.003822,0.000456,-0.003800,-0.005328,-0.013370,0.005213,0.005646,0.010217,0.010152,0.002739,0.007523,0.000645,-0.004472,-0.006956,-0.007835,0.002927,-0.000762,0.000436,0.003365,0.002680,0.006527,-0.002169,-0.001545,-0.008985,-0.005536,0.000034,0.005542,0.001533,0.003783,0.010800,0.001868,-0.004295,0.004472,0.004803,-0.006029,-0.004698,0.006532,-0.000809,0.001528,-0.003245,-0.004603,-0.005669,-0.001726,-0.001643,0.003363,-0.006432,0.000412,-0.003801,0.000582,-0.000778,0.007100,0.001088,-0.006612,-0.001268,-0.001903,0.001687,-0.008368,-0.008787,0.004864,-0.003176,-0.001099,0.012929,0.006646,-0.002791,-0.005541,-0.001926,0.001118,-0.002805,0.000637,-0.003244,0.002447,-0.002293,-0.007094,-0.004481,-0.000243,-0.003752,0.004930,0.004186,-0.001532,0.009609,-0.001608,0.007047,0.005085,0.000739,0.001280,-0.002974,-0.005082,-0.003505,0.004345,0.003805,-0.003895,0.005612,-0.001427,-0.008166,0.003459,0.002047,-0.001130,-0.005090,0.008335,-0.000182,-0.009437,0.004000,-0.008266,0.001351,0.004773,0.000870,0.004369,0.001561,-0.008813,0.000871,0.001925,0.003559,-0.003215,-0.002061,-0.003884,0.004784,-0.003369,-0.001839,0.005432,0.002409,-0.001936,-0.006188,0.003848,-0.001391,0.004099,-0.000377,0.000191,0.002317,-0.002641,0.001057,-0.006025,-0.001438,0.000912,0.004032,-0.002693,2.000000
-0.930193,-0.129130,-0.078325,0.071230,0.150722,-0.056334,0.114423,-0.041037,0.048151,0.029148,-0.048741,-0.024976,0.026095,0.003701,-0.106340,0.049697,-0.064217,-0.036469,-0.026721,-0.063723,-0.057163,0.068106,0.029864,-0.005611,0.073164,0.045091,0.008855,-0.045971,0.021292,0.030499,-0.022143,-0.002930,0.010952,-0.008554,-0.028370,-0.009972,-0.027422,-0.022007,0.008017,0.026989,-0.020230,0.009800,-0.011046,0.007573,0.010431,-0.001260,0.008518,0.003706,-0.012744,0.018688,0.004216,-0.029603,0.011878,-0.000599,0.003692,-0.011400,-0.020247,-0.009811,-0.005506,0.004319,0.017336,0.001960,-0.012733,0.009733,-0.007132,-0.001299,-0.000206,-0.002999,0.019235,0.008126,0.008104,-0.009145,-0.002316,-0.009800,-0.004578,0.003937,0.003042,0.004980,0.012265,-0.001808,0.008324,0.011718,-0.004580,0.005436,0.024337,0.011513,0.001539,0.009936,-0.006479,0.005086,0.007543,0.012820,-0.013415,0.003439,-0.003641,-0.011956,-0.008328,-0.011464,-0.001575,-0.002363,-0.003338,0.027048,-0.004019,0.000737,-0.012599,-0.006132,0.004539,-0.004330,0.019361,0.009073,0.002787,-0.008404,0.001423,0.006506,-0.004813,-0.010921,-0.000223,0.004670,0.003210,0.003793,-0.010873,-0.000096,-0.004412,-0.002127,0.000573,-0.004629,-0.014548,-0.002719,-0.003158,-0.001731,0.001840,-0.001320,0.007697,-0.002060,0.002880,-0.005959,-0.004789,-0.010161,-0.000881,0.004026,-0.011375,0.004790,0.009111,0.002014,0.005710,0.013104,-0.002473,0.008293,-0.001127,0.008432,0.002852,-0.002204,0.002528,0.000164,-0.001082,0.000000,0.003712,0.004421,-0.006817,-0.000220,-0.001282,-0.000088,0.000362,0.004324,-0.007775,-0.001805,0.010312,-0.001914,0.002314,0.001520,-0.001365,-0.002212,0.000631,0.011983,0.000954,0.007554,0.002318,-0.005919,-0.008620,-0.004563,0.002464,-0.005204,-0.000999,0.006688,-0.002332,-0.001255,0.006302,0.001702,0.003619,-0.007536,-0.009233,0.005644,-0.004425,0.001924,-0.003208,0.000348,-0.005466,-0.004208,0.004764,-0.003497,-0.005027,0.000418,0.002371,0.010339,0.000117,0.003686,-0.005036,-0.001618,-0.005082,0.004968,-0.000488,0.005046,0.000191,-0.000825,-0.004644,0.003155,-0.006296,-0.004407,-0.003818,0.004079,0.004065,-0.004483,-0.001031,-0.002222,-0.004388,0.003084,0.005382,-0.002066,-0.001808,-0.002968,0.000825,0.000258,0.002384,-0.001135,-0.007515,-0.002296,-0.000633,-0.001017,-0.008805,0.000687,0.001347,0.001486,0.001361,-0.004091,-0.000548,-0.001740,0.001961,0.001637,0.005087,0.005017,0.005450,-0.006414,-0.000911,0.002613,0.004585,0.000191,0.001338,0.002486,-0.003151,0.000110,0.004058,-0.002538,-0.002987,0.005217,-0.000731,-0.000785,0.003103,-0.001085,0.000598,0.006817,-0.001192,-0.004037,0.000536,0.000397,0.001527,0.001268,0.002294,-0.003634,0.001295,0.003291,0.002817,-0.004053,-0.002119,0.005712,0.002037,-0.001169,-0.001932,0.003391,-0.000281,0.006795,0.003189,0.001158,0.000083,-0.002319,0.006089,-0.003024,-0.000808,-0.001758,0.002109,0.003980,1.000000
-0.911857,-0.170887,-0.126532,0.131158,0.107884,0.075141,0.092506,-0.042826,-0.004064,-0.021647,-0.031262,-0.032914,0.016562,-0.027415,-0.038741,-0.005644,-0.021273,-0.043995,-0.026162,-0.049455,-0.086534,0.122723,-0.066190,-0.037965,0.092829,0.035892,-0.001223,-0.039968,0.028079,0.014308,-0.013050,-0.006135,0.039423,0.005130,-0.021748,-0.000871,-0.040218,-0.016647,0.012149,-0.002953,-0.047696,0.031972,0.004765,-0.014624,0.029006,-0.008495,0.027046,0.006539,-0.011178,-0.004356,0.016793,-0.035298,0.009947,0.024638,-0.002991,0.017885,-0.033988,0.002002,-0.013846,0.014071,-0.016047,0.010933,-0.006893,-0.016404,-0.001862,0.004418,0.014582,-0.011585,0.001318,-0.004611,0.022084,-0.031377,0.028153,-0.009009,-0.000005,0.003996,-0.016561,0.007690,0.007783,-0.006164,0.002763,0.006174,-0.008316,0.002154,-0.001951,0.021805,0.024990,0.010098,0.002298,-0.015316,0.011037,0.007165,-0.012882,0.000420,0.000356,-0.013718,-0.014367,-0.018721,-0.006986,0.001662,-0.010477,0.014295,-0.011231,0.000522,-0.007959,-0.008209,-0.000674,0.005305,0.014941,-0.003584,0.011335,-0.015842,0.001900,0.005530,-0.001646,-0.003062,-0.007195,-0.000943,-0.005760,0.007631,-0.000581,-0.004388,0.003541,-0.006704,-0.001648,-0.005554,-0.008278,-0.013099,-0.000866,-0.006079,-0.012139,-0.003738,0.011727,-0.013585,0.009225,-0.003434,-0.001166,0.008464,0.008911,-0.005651,-0.009970,0.005344,0.008194,0.010415,0.004414,0.007428,-0.005358,-0.005187,-0.004659,0.001020,0.013694,-0.005182,0.000359,-0.004510,0.005859,0.007506,-0.000978,-0.001524,-0.013593,-0.001194,-0.001884,-0.003472,-0.005456,-0.003051,0.002405,0.002064,0.011212,0.001653,0.003108,0.002204,-0.003142,0.009837,0.004482,0.010716,-0.002642,0.011065,-0.000666,-0.007837,0.000034,-0.006308,0.007468,-0.006910,-0.004759,0.006510,0.001470,0.010077,0.003312,0.004664,-0.002014,-0.003659,-0.006779,0.000597,-0.003678,-0.003026,-0.002958,0.006144,-0.000517,-0.001611,-0.000070,-0.001200,-0.005268,0.001086,0.000766,0.006106,-0.000735,-0.008942,0.000221,-0.000691,0.007350,0.002384,-0.003721,0.005391,-0.001444,-0.010403,0.003523,-0.002662,-0.006810,-0.000777,0.002048,0.003139,0.004817,-0.009396,-0.006416,0.001279,0.002914,0.002181,0.006015,0.004163,0.003319,-0.010163,0.000509,0.002758,-0.001587,0.005119,-0.003909,-0.003772,-0.005258,-0.000709,-0.005756,0.007188,0.000642,0.004556,-0.000255,-0.000975,0.006486,-0.002088,0.000471,0.002353,0.000744,0.000366,-0.015407,-0.001629,-0.003201,0.000390,0.000507,-0.000577,-0.003690,0.004389,-0.002039,-0.000909,0.002362,-0.003840,-0.000143,-0.000808,0.007915,-0.010024,0.004875,-0.000805,-0.001049,0.007087,0.002255,-0.005828,-0.002555,-0.007302,0.002042,0.004232,0.000129,-0.001363,-0.005911,0.001932,0.001256,-0.006306,0.002694,0.002855,-0.001197,0.002474,-0.001024,0.000189,0.003743,-0.001373,-0.001871,0.003857,0.002944,0.005342,0.000386,-0.000115,0.000181,0.000326,0.000512,0.005572,1.000000
-0.856632,-0.283617,-0.096379,0.023403,0.188848,0.076958,0.158902,0.022754,0.048879,-0.012861,-0.058816,-0.081228,0.019515,0.005606,-0.021366,0.015380,0.026965,0.002086,0.020652,-0.032011,-0.130324,0.104509,-0.048251,-0.013261,0.101726,0.010642,0.052691,-0.060738,0.015609,-0.013859,0.039834,-0.030932,0.003445,-0.020101,-0.011105,-0.003438,-0.042174,0.012423,0.057576,-0.014697,-0.038496,-0.011694,0.018119,0.020446,0.036148,-0.004347,0.034937,-0.028146,0.014510,0.012951,0.013798,-0.040528,0.017295,0.019556,0.011358,-0.014294,-0.013834,0.005478,0.001084,-0.000177,-0.011972,-0.037793,-0.021242,-0.002810,-0.020079,0.004544,0.001686,-0.023308,0.013761,0.014764,0.004827,0.001061,0.028097,-0.029594,-0.017286,0.002816,0.000307,0.009479,0.019656,0.026628,0.015903,0.025457,-0.017031,0.012392,0.019733,0.010764,-0.003113,-0.002130,0.007308,0.013724,0.003073,0.016829,0.009315,0.020499,0.001558,-0.011717,-0.013021,-0.016405,-0.004365,-0.008681,-0.021341,0.019454,-0.011821,0.008520,-0.019855,0.002004,0.003423,0.002877,0.004112,0.016661,0.020050,-0.011168,0.010846,0.004373,-0.012882,-0.004129,-0.010694,-0.002247,-0.002554,-0.004262,-0.021807,0.006232,0.002623,0.001335,-0.011873,0.012622,-0.004759,-0.017701,-0.003329,-0.002922,-0.019531,0.000516,-0.004275,0.009054,0.014641,0.007914,0.002869,-0.006541,0.006888,-0.005443,-0.004337,-0.001357,0.009344,-0.006381,-0.000128,0.011294,-0.008539,-0.011653,-0.001487,-0.012075,-0.005149,-0.003241,0.006415,-0.013840,-0.000668,0.000222,-0.006837,-0.000445,0.002784,-0.012188,-0.016856,-0.009126,0.002185,0.004868,-0.011567,-0.007027,0.035141,0.002424,-0.000903,-0.008798,-0.005087,0.004325,0.010358,0.012556,-0.005155,0.011660,-0.013343,-0.008601,-0.000907,-0.007123,0.005469,-0.024607,-0.008224,-0.005413,0.003984,0.007504,-0.002822,-0.011383,-0.006877,0.009849,0.000198,-0.000656,-0.006216,-0.011890,0.017896,0.031872,0.004131,0.000504,0.003802,-0.005589,-0.009045,-0.014012,-0.001545,0.007787,-0.008979,-0.015546,-0.003360,-0.000207,0.011085,0.014856,0.001890,0.010054,0.017170,-0.003013,-0.000091,0.010154,-0.021096,0.006895,0.008028,0.004598,-0.013176,-0.006552,-0.012923,0.004349,-0.002808,-0.006218,0.009023,0.002262,0.002538,0.004377,-0.001612,0.000044,0.000910,0.002131,0.006353,-0.004401,-0.012712,-0.007376,-0.003113,-0.000104,0.001922,0.007372,-0.008568,-0.012170,-0.001137,-0.005471,0.005500,0.002977,0.004144,0.013900,0.002477,0.001557,-0.009246,0.014174,0.002913,-0.018054,-0.000461,0.013323,-0.014343,0.001919,0.010899,-0.002401,0.002006,-0.000313,-0.007091,-0.003701,0.009391,0.005715,0.007574,0.001614,0.000088,-0.009849,-0.001210,-0.001544,-0.014455,-0.007126,0.000078,-0.008560,-0.003435,0.006770,-0.006687,-0.005451,-0.000902,0.008070,0.002391,-0.001610,-0.000633,0.002055,-0.000650,-0.002256,0.006364,0.006796,-0.004403,-0.005598,-0.005105,-0.002255,0.001872,-0.001025,0.001113,0.001248,1.000000
-0.875526,-0.125449,-0.109053,0.206150,0.027768,0.148042,0.089157,0.014762,0.096024,-0.084404,-0.071214,-0.006612,0.067136,-0.030046,-0.103523,0.033179,-0.021589,-0.033783,0.043907,-0.098698,-0.035050,0.096186,-0.041762,-0.014225,0.086837,0.034182,-0.008401,-0.043511,0.020801,0.038368,0.024413,0.037516,0.048697,-0.022696,-0.028595,-0.020262,-0.043720,-0.026327,0.000136,0.051250,-0.015467,0.045297,0.010895,-0.000061,0.019449,-0.050552,0.039492,-0.015961,0.043436,0.006439,0.018781,-0.043602,-0.024828,0.043787,-0.011776,0.003291,0.008323,0.003223,-0.016059,-0.017677,-0.034354,0.016945,0.002511,-0.034919,0.000766,0.000341,0.000774,-0.004385,0.010274,0.000728,0.020492,-0.022850,0.047153,-0.005970,-0.018501,0.005271,-0.004985,0.012358,0.018910,-0.023549,0.002830,-0.009392,-0.037689,0.025669,0.017888,0.033313,0.026802,0.027224,-0.002537,-0.012851,0.005943,0.034725,0.013350,0.005952,-0.014726,-0.025912,-0.017715,-0.011194,-0.001096,-0.003663,-0.008239,0.014744,0.000996,0.019709,-0.017780,-0.017855,-0.007440,-0.011903,-0.006419,0.012112,0.010001,0.012084,0.013034,-0.008267,-0.022404,0.001331,-0.006376,-0.004720,0.016340,0.010066,-0.005468,-0.006568,-0.012945,-0.018989,0.009622,-0.007026,-0.000489,0.001718,0.009410,0.004556,-0.010267,-0.006721,0.017098,-0.006337,-0.009326,-0.007306,-0.000893,-0.022951,-0.004149,-0.007129,0.003095,0.013181,0.004421,-0.000289,-0.002031,0.003946,0.002366,-0.009225,-0.000217,0.014558,0.027192,0.009810,0.010036,-0.011129,0.006770,0.004511,-0.011395,0.007701,-0.010763,0.004354,-0.014831,-0.007332,-0.000605,-0.002390,-0.004504,-0.017203,0.009387,-0.003084,-0.015159,-0.020397,0.004586,-0.001364,0.002657,0.011839,-0.003197,0.000528,-0.006141,-0.011066,-0.015275,-0.000205,-0.005711,-0.003951,0.007756,0.012654,0.005781,0.004117,-0.009201,0.003232,0.012052,0.008717,-0.000016,0.015654,0.008809,-0.010640,0.005323,0.003292,-0.000812,0.010427,-0.001921,-0.004590,0.002907,0.002742,-0.002605,0.007583,-0.001870,-0.003160,-0.000912,0.010034,-0.000643,0.002182,-0.008801,0.000355,0.011313,-0.006131,0.003940,-0.006005,-0.013014,-0.000063,-0.000912,-0.001327,-0.000924,-0.006954,-0.017474,0.000875,-0.004965,0.002960,-0.001629,-0.006537,0.000040,-0.009224,-0.005048,0.003829,0.005138,-0.003074,-0.005167,-0.004947,0.002464,0.002371,-0.011058,0.009304,0.003883,0.003326,0.009760,-0.009481,-0.004107,-0.000432,0.010048,-0.000023,0.003381,0.000249,-0.012139,-0.001610,0.001588,0.008261,-0.006766,-0.006933,0.003859,0.008916,-0.002727,0.001820,0.004885,-0.011267,-0.003308,0.008402,0.001990,-0.002574,-0.000369,-0.004841,0.006811,0.008129,-0.003049,0.000253,-0.001670,-0.009792,0.001323,0.003783,0.002793,-0.013004,0.002253,-0.000254,-0.004835,0.003675,-0.001287,0.005310,-0.001813,-0.000133,-0.001615,0.010862,-0.006907,0.001839,-0.005419,0.010791,0.006063,-0.008455,0.007254,0.001055,-0.002658,-0.009421,0.000133,0.004385,1.000000
-0.855497,-0.328399,-0.076218,0.119835,0.104637,0.114614,0.179900,0.028794,-0.041762,0.016391,-0.055401,-0.019030,0.012169,0.015041,-0.041550,0.036055,-0.000854,-0.012695,-0.033127,-0.036235,-0.013481,0.095773,-0.049265,-0.046329,0.126629,0.026492,0.033300,0.002905,0.026542,0.007487,0.024325,-0.028112,0.009705,-0.056744,0.004734,0.021911,-0.053776,-0.014639,0.007935,0.011415,-0.007957,0.045893,0.026454,0.030921,0.023240,-0.011582,0.022106,0.021056,-0.018526,0.007499,0.011014,-0.036642,0.013805,0.024658,-0.000750,0.006491,-0.029140,-0.006522,-0.018347,0.005188,-0.026396,0.001818,-0.031892,-0.003817,-0.022128,0.004823,-0.013007,-0.017013,-0.003833,-0.029734,0.001052,-0.008616,0.010589,-0.032360,-0.022778,0.002226,-0.003502,0.011192,0.011027,-0.011176,0.007264,-0.000569,-0.013537,0.011499,0.020266,0.033504,0.013966,0.038288,0.000482,-0.009276,0.006774,0.003599,-0.011181,-0.000915,-0.015483,-0.014935,-0.008194,-0.023488,0.009156,0.004388,-0.006027,0.019163,0.000991,-0.016228,-0.000240,-0.010883,-0.002229,0.010992,0.004937,-0.005818,0.011711,-0.011329,-0.001770,-0.012810,-0.022004,-0.007049,-0.008140,-0.008130,0.000472,0.001471,-0.010044,0.007699,0.002013,0.002224,0.002065,-0.008393,-0.016596,-0.012294,-0.004314,-0.003337,-0.001325,-0.019289,0.009961,0.000367,0.005185,0.009998,0.013288,-0.010166,-0.004759,-0.011637,-0.016368,0.008890,0.008416,0.019766,-0.013259,0.005722,-0.006811,0.003194,0.004107,0.009521,0.016378,0.006565,-0.001311,-0.005606,-0.006711,-0.010851,-0.000532,0.005755,-0.007076,0.005370,0.009964,-0.010274,0.004534,-0.000356,-0.008136,-0.015907,-0.001328,-0.007448,-0.004340,-0.004854,-0.000654,0.010348,0.000321,0.000318,0.000055,-0.002876,-0.004592,-0.015220,-0.011221,-0.007669,-0.000964,-0.009987,0.010900,-0.001530,0.006021,0.011777,-0.005079,-0.003752,0.001017,-0.004308,-0.006845,0.014985,-0.005863,-0.005274,-0.001010,0.002094,-0.008421,0.000468,0.004450,-0.004916,-0.005281,-0.003696,0.006937,0.007619,0.005037,-0.004688,-0.011301,0.000682,0.000262,0.000313,-0.002928,0.004671,0.004096,-0.001785,-0.003590,0.007700,-0.000908,-0.004782,-0.002919,0.005965,0.006080,-0.003877,-0.011653,-0.001539,0.001840,-0.008801,0.009607,0.004075,-0.001240,-0.000191,-0.004767,0.000593,0.003825,0.003790,-0.008198,-0.005079,-0.004789,-0.003409,-0.002117,0.002258,-0.004593,-0.000286,-0.002653,-0.000457,-0.001782,-0.004133,0.005781,0.005175,-0.005436,-0.000459,0.004232,0.001024,0.001074,0.009331,0.002870,0.001854,-0.000991,0.004748,-0.003788,0.008451,-0.007698,-0.008024,0.006261,0.007614,0.001539,0.000365,0.004123,-0.011316,-0.001881,0.001024,-0.003452,0.000876,-0.001117,-0.004966,-0.005554,-0.003357,0.004287,0.003425,0.000687,0.006697,-0.007476,0.003680,0.000575,0.001703,0.005267,-0.006870,0.000429,-0.001230,0.012797,-0.001166,0.010725,0.000852,-0.001361,0.004386,-0.002276,0.001542,0.001574,0.001881,0.005629,0.004908,1.000000
-0.868210,-0.247653,-0.110677,0.018199,0.156288,0.058723,0.149956,-0.015041,0.029243,-0.093956,-0.090926,-0.095650,0.053611,-0.069205,-0.092057,0.057353,-0.014908,0.003567,-0.041123,-0.006958,-0.102229,0.092482,-0.032564,-0.036537,0.078687,0.050290,0.041656,0.014934,-0.026659,0.024190,0.003025,-0.030551,0.037648,-0.028658,-0.033971,0.012149,-0.040464,-0.034977,-0.002038,0.001778,0.007465,0.031585,0.019504,-0.002806,0.044761,-0.013379,0.019462,0.009388,-0.018628,0.008069,-0.019257,-0.009984,-0.005829,0.003953,-0.037278,0.001853,-0.023065,0.003466,-0.015165,0.010870,-0.011541,0.016189,-0.007950,-0.029934,-0.007932,0.001902,0.011905,-0.016059,-0.016444,0.007981,0.010670,-0.003615,0.016342,-0.015227,-0.016916,0.000443,-0.013000,0.024331,0.035151,-0.000316,0.005419,0.000990,-0.020226,-0.009397,0.001661,0.025028,0.016973,0.018724,-0.009624,-0.007982,0.022419,0.014883,-0.024576,0.003287,-0.012812,-0.017818,0.005804,-0.028887,0.005397,-0.004370,0.006450,0.040983,-0.012265,0.026298,-0.000444,-0.006771,-0.005744,0.009136,0.011475,-0.005644,0.016005,-0.003123,0.006709,-0.008669,-0.002194,-0.015666,-0.013177,0.006932,-0.024162,0.022402,0.002308,0.002962,-0.001850,-0.013459,0.008000,-0.018501,-0.002048,-0.017084,-0.006521,-0.009655,-0.005182,-0.000598,0.009300,-0.014048,0.006521,0.007287,0.004111,0.006772,-0.004590,0.005110,-0.008776,0.000571,0.003518,0.015023,0.003032,-0.002973,-0.002323,0.010867,0.024234,0.006143,0.014991,-0.005566,0.015264,-0.005842,-0.003082,-0.018116,0.010024,0.012321,0.000397,-0.013758,-0.002680,-0.006081,0.001993,0.008442,0.001518,0.004111,0.005995,-0.001480,-0.001081,-0.019513,0.003174,0.002492,0.009770,0.013160,0.001969,0.020966,0.007798,0.001712,-0.003259,-0.003796,-0.000744,0.000097,0.003812,-0.003335,-0.005554,0.007622,-0.003566,-0.001253,-0.001351,-0.000230,-0.007471,0.005041,-0.013699,-0.002802,-0.000148,0.020841,-0.010328,0.008134,0.014738,0.003523,-0.005014,-0.010840,-0.002268,0.004939,0.006720,-0.011689,-0.015930,0.006211,0.003177,0.004306,-0.005410,-0.002508,0.005031,-0.005999,-0.003552,0.001198,-0.010005,-0.003313,0.008704,0.001858,0.015580,-0.012009,-0.001501,0.000228,-0.002206,-0.001675,0.003049,0.003677,-0.004024,-0.001972,-0.013212,0.008817,0.002562,0.004797,-0.016948,-0.002093,-0.004680,0.009042,-0.022996,-0.006707,0.007319,0.001472,0.000182,-0.008006,0.000031,0.008817,0.007999,-0.000920,0.010252,0.004428,-0.001250,-0.003166,-0.000587,0.006660,0.000364,0.000752,-0.001199,0.008845,0.006455,-0.002648,0.005644,0.007725,-0.001748,-0.003232,-0.006632,-0.003291,-0.001365,-0.001924,-0.000470,0.004697,0.000167,-0.000697,-0.007605,-0.003171,0.002907,0.003416,0.003750,-0.001917,-0.001592,0.002494,0.003194,-0.004792,0.002286,0.003903,0.006518,-0.000103,-0.008587,0.008390,0.005746,0.000976,0.001212,0.005932,-0.000072,-0.000740,0.005608,-0.007524,0.000524,0.002876,0.009108,0.000171,1.000000
-0.872361,-0.171687,-0.100240,0.123942,0.063952,0.207715,0.152577,-0.059475,0.011748,-0.056838,-0.034429,0.007621,0.026424,0.049935,-0.096794,-0.020622,0.014142,-0.070787,0.012876,-0.026562,-0.132230,0.047051,0.005222,-0.050822,0.126425,0.073334,0.073347,-0.031879,0.034604,0.040521,0.006989,0.033537,0.015499,-0.058947,0.031378,0.005967,-0.040580,-0.009781,0.024978,0.016762,-0.038587,0.005777,0.016666,-0.011942,0.024805,-0.007625,0.022086,-0.033154,-0.008161,0.015495,0.012295,-0.013139,-0.004953,0.031975,-0.008099,-0.009599,-0.029852,0.020988,-0.018175,0.041161,-0.022301,0.006259,-0.033923,-0.019630,0.004561,0.006320,-0.000012,-0.003386,0.001127,-0.000241,0.006473,-0.008113,0.006250,-0.033668,0.003413,0.015071,-0.004136,-0.005442,0.007105,-0.003747,0.014071,-0.004393,0.001898,0.002380,0.024465,0.009463,0.013339,0.003299,0.012148,0.003661,-0.002415,-0.003859,-0.026375,0.004800,-0.004729,-0.021525,-0.031923,-0.001196,-0.003524,-0.012907,0.010669,0.004467,-0.005131,0.008105,-0.014092,0.003321,-0.005172,0.000848,0.004148,-0.006700,0.014664,-0.015180,0.001624,-0.002052,-0.006426,-0.008770,-0.014835,-0.005251,-0.006121,0.007728,-0.004953,0.008736,-0.012030,0.010321,0.012483,-0.008525,-0.012242,-0.010164,0.004427,-0.003304,-0.010908,-0.009842,0.020279,-0.011699,-0.003679,0.004749,0.015561,-0.002596,-0.006686,0.005911,-0.006561,-0.001028,0.002687,0.006844,-0.004676,0.011257,0.001405,0.006628,0.004562,0.017658,0.019137,-0.000240,-0.001116,-0.004812,-0.003145,-0.009902,-0.004675,0.006466,-0.010435,0.000198,0.001731,-0.003221,-0.002821,0.001601,-0.000340,-0.005840,0.008540,0.002192,0.004944,-0.004221,0.004686,0.002811,0.001725,0.007843,-0.003306,-0.000421,-0.001403,-0.008029,-0.006748,-0.004442,0.002889,0.003922,-0.002265,0.009462,0.004319,-0.000795,0.006588,0.005219,0.007792,-0.001486,-0.004353,-0.003091,0.003157,-0.002146,0.000449,0.000958,-0.003275,0.003879,0.011555,-0.001880,-0.006398,-0.001729,-0.000848,0.004167,-0.000543,-0.011078,-0.004744,0.002795,0.000260,0.006295,0.000516,0.000863,0.002148,-0.004225,-0.005739,0.006002,-0.001760,-0.001896,0.008208,0.002927,-0.003136,-0.008169,-0.009063,-0.004693,-0.001076,0.006597,0.012902,0.000870,-0.003020,-0.006135,0.000723,-0.003050,0.000719,0.002741,-0.006506,-0.009749,-0.013381,0.001254,-0.004418,0.004564,0.001681,0.004963,-0.003909,-0.005252,0.005103,0.000130,-0.000198,0.001632,0.001122,0.005548,-0.003522,0.002772,-0.007512,0.004301,0.005989,0.002818,-0.004939,0.002630,0.002359,0.003256,0.003007,0.002555,-0.006528,0.004488,-0.000438,-0.005318,0.005438,-0.001952,-0.001612,0.009997,-0.000976,-0.001767,0.004131,-0.001430,0.005269,0.001693,-0.004146,-0.004551,-0.006820,-0.003393,-0.006224,0.002146,-0.007792,-0.002295,0.000632,0.000266,0.000765,0.005442,0.013425,-0.000386,0.006482,0.003271,0.007679,0.001977,-0.000207,-0.000742,-0.002822,-0.004783,-0.000223,0.000255,1.000000
-0.854771,-0.310481,-0.099079,0.101188,0.158267,-0.046620,0.157333,-0.048131,0.042323,-0.073818,-0.087336,0.016519,-0.042186,-0.021646,-0.060096,-0.011423,0.007673,-0.017381,-0.030785,-0.045315,-0.108794,0.099730,-0.089938,-0.016023,0.107939,0.043749,0.024303,0.015463,0.003186,0.013527,0.034885,-0.004069,0.047554,-0.017959,-0.007417,0.004922,-0.044809,-0.006913,0.019397,-0.010776,0.010977,-0.005237,0.011709,-0.013909,0.004091,-0.039058,0.048839,-0.014003,0.012859,0.004623,0.014464,-0.014750,0.027982,0.007111,-0.017048,0.010041,-0.024122,0.013202,-0.015462,0.014524,-0.008412,-0.005848,-0.003444,-0.009038,-0.005583,0.008524,-0.011981,-0.019681,0.006764,-0.000407,0.002733,-0.015419,0.024583,-0.017495,-0.000417,0.004572,-0.008766,0.002114,0.020377,0.009949,0.007895,0.028235,-0.014175,0.008388,0.008999,0.005009,0.012166,0.009999,-0.013757,-0.012887,-0.007340,0.012585,-0.009177,0.006835,-0.007737,-0.019373,-0.017017,-0.016981,-0.019259,-0.000206,0.007652,0.014951,-0.000939,0.010125,-0.002823,-0.018016,-0.003776,-0.019579,0.011063,-0.008759,0.010028,0.004865,0.003675,0.017010,-0.017639,-0.012263,-0.011843,0.010327,0.000180,0.008519,-0.001382,0.016594,-0.008486,0.005201,0.002734,-0.011261,-0.020516,-0.013723,-0.001631,-0.006971,-0.007229,-0.010997,0.005797,-0.002197,0.007574,-0.005105,-0.008025,0.005652,0.001581,0.001710,-0.005614,-0.003451,-0.001510,-0.000073,0.004394,0.013403,0.002013,-0.011139,-0.008556,0.005703,0.013191,0.003929,0.001832,-0.004452,0.005628,-0.005650,0.001418,0.004822,-0.008804,-0.000146,-0.011312,-0.000855,-0.002748,0.005098,-0.009725,-0.015593,0.004679,-0.006584,0.015082,0.002649,0.002166,0.006877,0.007666,0.007077,-0.008871,0.001609,0.002501,-0.005199,-0.007486,0.007703,-0.005714,-0.005217,-0.007238,0.003219,0.008220,0.002171,-0.008433,0.003592,-0.002119,0.003797,-0.007528,0.007084,0.000107,0.000119,-0.005473,0.005279,-0.004742,-0.002953,0.011243,0.005303,0.000301,0.000250,0.000359,0.010296,-0.002264,-0.014420,-0.003971,-0.003616,0.002418,-0.002291,-0.002480,-0.001043,-0.002706,-0.006635,-0.002214,-0.001826,-0.000616,-0.005306,-0.000666,0.005765,0.006919,-0.003939,0.000507,0.001945,-0.002379,0.001117,0.015441,0.001959,0.006850,-0.001990,-0.002974,0.001563,0.007177,-0.004514,-0.004082,-0.004133,-0.004917,-0.007070,-0.008773,0.002210,0.005422,0.005522,0.009816,-0.003918,-0.005243,-0.003420,0.005956,0.006584,0.005568,0.000569,-0.007065,-0.005273,-0.001693,-0.001181,-0.000179,0.002929,0.003876,0.007413,-0.007073,-0.000844,0.004855,-0.007691,0.003656,-0.001743,0.001833,-0.003998,0.005849,-0.004348,0.001134,0.006616,-0.004020,-0.004518,-0.003321,-0.002228,0.002300,0.002487,0.002829,-0.004758,-0.002226,0.003330,0.001769,-0.001603,-0.008019,-0.002279,0.002728,-0.000994,0.002020,0.007636,0.002678,0.004270,0.006785,0.001702,0.003990,0.003394,0.001322,-0.003388,-0.002837,-0.001126,0.002287,0.007068,1.000000
-0.877031,-0.268175,-0.112023,0.011358,0.142749,0.121851,0.097284,-0.022861,0.138156,-0.005968,0.008485,-0.010720,-0.034647,-0.026789,-0.015522,-0.003275,0.013169,-0.050140,-0.046720,-0.098090,-0.059876,0.091584,-0.068342,-0.029135,0.093144,0.050064,-0.002870,-0.019862,0.016289,0.052054,-0.016741,-0.007608,0.016111,0.012783,-0.008994,0.017762,-0.022902,-0.025668,-0.019940,0.004858,-0.008319,-0.004480,-0.023258,-0.040073,0.003853,-0.009831,0.033368,-0.025735,-0.003000,0.001421,-0.014813,-0.036171,0.005389,-0.002746,0.012359,-0.006668,-0.030802,0.002901,-0.027110,0.006314,-0.007544,0.005788,-0.027465,-0.005037,0.001164,0.015258,0.015152,-0.016992,0.032755,0.033554,0.012023,-0.028465,0.023259,-0.008257,-0.035242,-0.004940,0.009010,-0.006652,0.024323,-0.020774,0.003707,0.025277,0.006891,-0.020835,0.006114,0.014871,0.027134,0.016355,-0.015601,-0.006660,0.013383,-0.002581,-0.007824,0.013383,-0.001049,-0.010014,-0.017577,-0.008550,0.007506,-0.020615,-0.002103,-0.002581,-0.008750,0.000578,-0.013283,-0.017855,-0.006699,0.001588,0.002460,-0.005472,0.005098,-0.008422,0.004846,-0.001006,-0.009960,-0.006233,-0.005262,-0.010229,0.002836,0.015380,0.006383,0.000677,0.015209,-0.019116,0.000873,-0.007059,-0.024442,-0.012023,-0.018357,-0.003482,-0.012978,-0.011928,0.006568,-0.014681,0.004643,-0.011041,0.010128,-0.008133,-0.015317,0.001175,-0.015338,0.007946,0.004050,0.009826,-0.006444,0.006321,0.015369,0.000005,0.008476,0.011313,0.016549,0.007363,-0.001794,-0.000726,0.002944,-0.006912,-0.006604,-0.006699,-0.012181,-0.004272,-0.003847,-0.001889,0.003780,0.010020,-0.006305,0.000233,0.002353,0.003057,0.008426,-0.004778,-0.002943,-0.001493,-0.000090,0.006901,0.007375,0.003502,0.004681,-0.004559,-0.009269,-0.006829,0.002079,0.002871,0.015794,0.003527,0.002886,0.002210,-0.008259,-0.005806,0.007904,-0.003577,0.005865,-0.008884,-0.004332,0.012916,-0.001025,0.005046,-0.000446,-0.002353,0.000845,-0.006004,-0.012902,0.001723,-0.005129,-0.003060,-0.000169,-0.007523,0.003078,0.000871,0.001373,0.007031,-0.007603,0.002650,0.002473,-0.000923,-0.011282,0.002899,-0.005137,0.004793,0.003449,0.000770,-0.003667,-0.007218,-0.007953,0.003265,-0.011842,0.004870,0.002450,0.008898,0.000335,0.008147,-0.016703,-0.009895,0.002069,0.005969,-0.006939,0.001654,-0.007103,-0.003952,-0.008672,-0.005709,0.000775,-0.005571,0.000564,-0.005308,-0.012578,-0.004503,0.007761,-0.000696,0.007796,0.000307,-0.004514,0.001888,-0.010559,0.007006,0.006768,0.003427,0.001774,-0.000502,-0.007170,0.004547,-0.000495,-0.008365,0.002505,0.001115,0.003363,-0.004028,0.008102,-0.010491,0.001597,0.006185,-0.003030,-0.008565,-0.002647,-0.002944,0.006892,-0.002574,-0.009957,-0.005190,-0.001052,-0.003876,0.000032,-0.003408,0.004824,0.006882,0.003924,0.000664,-0.006076,0.000475,0.009903,-0.003738,0.012860,-0.003740,-0.002973,-0.004973,0.002879,0.005341,-0.003654,0.001920,-0.002867,0.005347,1.000000
-0.876002,-0.205710,-0.097294,0.019344,0.205272,0.125195,0.139578,-0.001238,0.083391,-0.049850,-0.023944,0.010015,0.051276,-0.023337,-0.003475,0.048062,0.018220,-0.046436,-0.022382,-0.079179,-0.027981,0.118631,-0.042470,-0.060057,0.100747,0.028348,-0.001689,-0.004948,0.071146,-0.024883,0.000086,-0.043008,0.037835,-0.032546,-0.038553,0.028799,-0.034693,0.006603,0.026429,0.003787,-0.016080,0.033575,0.018572,-0.000387,0.024885,-0.010513,0.029399,0.031394,0.017707,0.022467,-0.010380,-0.008860,0.005377,-0.008939,-0.032723,-0.004635,-0.035288,0.016607,-0.042974,0.027969,-0.005662,-0.002172,-0.002331,-0.014160,-0.023867,0.010741,0.002440,-0.004703,0.023258,0.012547,0.006704,-0.005208,0.028592,-0.039202,0.000703,-0.008144,-0.033579,0.011275,0.003371,-0.001394,0.026275,0.006924,-0.024205,0.006424,0.022759,0.004676,0.014248,0.027232,0.013530,-0.005745,-0.007942,0.017829,-0.003427,0.012055,-0.010309,-0.030123,0.017849,-0.007169,-0.016536,0.005977,-0.023545,0.035449,-0.017062,-0.009183,0.000468,0.013295,0.003568,-0.003041,-0.004770,0.011288,0.010220,0.001259,-0.013576,0.007433,0.004217,-0.005362,-0.010779,-0.009276,0.009776,0.017510,-0.012718,0.004367,-0.009523,0.003300,0.004643,-0.003194,-0.014206,-0.007788,0.001475,-0.009907,-0.002346,-0.007091,0.010705,0.000227,0.019514,-0.003608,-0.000093,-0.015241,-0.012020,-0.009885,-0.002044,0.000871,0.005662,0.009730,-0.003658,0.005137,-0.002303,-0.005711,-0.010334,0.001820,0.018673,0.006673,0.005126,0.000110,-0.000225,-0.016326,-0.001978,0.006571,0.001972,0.003536,0.008158,-0.005122,-0.008893,0.011998,-0.008708,0.005518,-0.001297,-0.003887,0.001482,0.001875,-0.005052,-0.002300,0.007215,0.010703,0.008812,0.022754,0.010139,-0.001959,-0.011509,-0.004714,0.001095,0.002315,0.008977,0.005315,0.004068,0.009212,-0.001215,-0.011102,-0.003063,-0.009452,-0.003262,0.007864,-0.001288,-0.004143,-0.002000,0.006172,0.001791,0.005056,0.000590,-0.005178,0.004206,0.003696,-0.001686,0.011979,-0.002413,-0.014407,0.008867,0.000770,-0.000446,-0.005948,0.000985,0.006753,-0.003568,-0.003605,-0.001541,0.000994,-0.014173,-0.012511,-0.000750,0.007284,-0.001654,-0.010404,-0.008863,-0.004573,0.007496,0.006668,0.004821,0.003226,0.001077,-0.007651,-0.003397,-0.004219,0.002987,0.001782,-0.004971,-0.004414,-0.006518,0.002512,-0.001021,0.001573,0.003817,0.000572,-0.005883,0.004251,0.003812,0.008315,0.003855,0.000485,0.005620,0.000117,-0.000923,-0.003917,-0.003082,0.009337,-0.006100,-0.003694,0.005037,-0.002570,-0.005105,-0.002318,0.003337,-0.003728,-0.002014,-0.002631,-0.003133,-0.003274,0.013860,0.000611,0.007134,0.003890,-0.005236,0.000329,0.008061,-0.000376,0.007423,0.005879,-0.004072,0.000088,-0.003289,0.006231,0.002884,0.000521,-0.002864,0.004006,0.002601,0.005027,-0.002544,-0.000146,0.002758,-0.011052,0.000327,0.005060,0.007806,0.001796,-0.003075,-0.001247,-0.004938,0.003095,-0.004405,0.007509,1.000000
-0.864555,-0.144482,-0.114517,0.182697,0.045227,0.181218,0.155289,0.004963,0.097106,0.006911,-0.018641,-0.053363,-0.029085,-0.041576,-0.053618,0.052128,-0.013803,-0.019404,-0.044972,-0.084410,-0.064409,0.137929,-0.070217,-0.045008,0.107512,0.069626,0.005508,-0.040402,0.019141,-0.015021,-0.014541,-0.024653,0.003129,-0.015636,-0.068083,0.007749,-0.021925,0.000044,-0.020783,0.001270,0.022486,0.010713,-0.015209,-0.003823,0.016829,-0.036977,0.005960,-0.027360,-0.019603,0.007555,-0.008008,-0.066209,0.031762,0.043624,0.001860,0.000449,-0.019377,0.013002,-0.021814,0.022154,-0.047117,-0.012574,-0.019772,0.007121,-0.010298,0.010716,0.039927,-0.039488,0.027164,0.017476,0.006681,-0.000713,0.002130,-0.035949,-0.029966,0.017133,0.004279,0.008514,0.034910,-0.005952,-0.004674,0.011391,0.016054,0.000939,0.009382,0.025980,0.022505,0.014642,0.016129,-0.011246,0.013506,0.003589,-0.003989,-0.004919,-0.014123,-0.024594,-0.024014,-0.017742,0.000011,0.001197,-0.010064,0.018872,0.003287,0.020886,0.007202,-0.006295,-0.002671,-0.016128,0.007691,-0.007409,0.011651,-0.010668,-0.004893,0.010029,-0.011355,-0.013598,-0.010583,-0.000010,0.004569,0.025979,-0.001165,0.003606,0.002633,-0.009660,-0.002992,-0.016725,-0.012832,0.009047,0.017900,-0.001961,-0.013947,-0.010224,0.003767,0.024245,0.016162,0.020392,0.000559,-0.007396,0.002177,0.011111,-0.025385,0.009066,0.005245,-0.000140,-0.002003,0.004985,0.001515,0.004492,0.003296,-0.007589,0.000552,0.009354,0.006494,-0.005138,0.006724,-0.004477,0.009390,0.004722,-0.012702,0.001277,-0.002031,-0.006609,-0.004615,0.013584,0.000404,-0.006385,0.011355,-0.006399,0.000167,-0.010821,0.003826,0.001983,0.001718,-0.000919,-0.005266,0.006467,0.000791,-0.014234,-0.002332,-0.015589,0.000347,-0.015471,0.006941,-0.004887,-0.006669,-0.007370,0.005500,-0.002437,-0.000249,-0.000461,-0.010878,0.008469,0.000427,0.004554,0.006636,-0.002621,0.000096,-0.000151,0.014399,0.000668,0.004876,-0.002526,-0.002197,0.008215,0.008302,-0.013258,-0.003095,-0.001244,-0.008914,-0.005568,-0.009959,0.012478,0.004502,0.000339,-0.000531,0.010384,-0.002340,-0.004669,0.004003,-0.001073,0.001958,-0.004150,-0.004955,-0.009371,-0.002961,-0.002788,0.010609,0.001801,-0.010412,-0.012778,0.001714,0.000620,0.004689,-0.008511,-0.002896,-0.011224,-0.007297,-0.001726,-0.005326,0.001903,0.006607,0.001472,-0.000003,0.001800,0.001694,0.002448,0.001499,0.008575,0.008702,0.002710,0.002958,0.012451,-0.011797,0.008563,0.002899,-0.000973,-0.002889,0.000292,-0.004982,-0.000396,0.007589,-0.000535,-0.002601,-0.004209,0.001771,0.001012,0.003442,-0.005044,0.002883,0.001668,-0.006090,-0.003109,-0.005480,0.001204,0.008664,0.009911,0.006141,-0.005429,-0.001362,0.000319,-0.002345,-0.008009,-0.003250,0.005202,0.001563,-0.005971,-0.006435,0.001300,0.002953,-0.002137,-0.001250,0.001118,0.004961,-0.002241,-0.007068,-0.004253,-0.000811,0.003023,0.001491,0.001106,1.000000
-0.878987,-0.096929,-0.119901,0.104346,0.129384,0.166761,0.148891,0.001146,0.091280,-0.064804,-0.071985,-0.061920,0.015997,-0.030076,-0.006941,0.088183,-0.009333,-0.069806,-0.051070,-0.091273,-0.107766,0.102597,-0.073552,-0.061034,0.047455,0.057302,-0.012103,0.009646,0.049099,0.034461,-0.005236,-0.001898,0.055764,-0.024166,-0.012195,-0.010310,0.016418,-0.016871,0.044234,0.001801,-0.026292,-0.001863,0.020486,0.029238,0.018849,-0.017570,-0.002363,-0.024097,-0.025897,0.015120,0.042459,-0.039007,-0.022002,0.014542,0.008612,0.005097,-0.028453,0.011280,-0.034991,0.021858,-0.001544,0.016600,0.016400,-0.010411,0.015235,-0.001335,0.011712,-0.024588,0.013643,0.012492,0.025279,-0.007559,0.028745,-0.011362,-0.003386,-0.002374,-0.014138,0.007189,0.021918,-0.003530,0.005235,-0.015347,-0.010925,0.002003,-0.004253,0.012962,0.013542,0.016168,0.001595,-0.021698,0.008647,0.006247,-0.009066,0.006130,-0.005149,-0.028447,-0.022610,-0.010643,-0.030179,-0.021999,-0.008103,0.022609,-0.021539,-0.012227,-0.010476,-0.011946,-0.001602,0.003081,-0.023923,-0.009076,0.006959,-0.005212,0.001917,0.008049,-0.014871,-0.001904,-0.012656,0.015272,0.020183,0.015477,-0.003772,0.010645,0.010435,0.006460,0.000548,-0.022519,-0.016184,-0.011175,0.000144,-0.000891,-0.002662,-0.003597,0.005232,-0.016733,0.003187,-0.002974,0.008858,-0.002247,-0.004648,-0.000399,-0.018913,0.002319,0.008762,0.011460,0.014415,0.004635,-0.002610,0.000376,0.001015,0.020498,0.012591,0.008985,0.003130,-0.011858,-0.012758,0.006723,-0.005269,0.005729,-0.011028,0.010396,-0.009759,0.005949,-0.006748,0.003212,-0.006838,-0.018175,0.018235,-0.000881,-0.003157,-0.003530,-0.003559,0.001506,-0.008669,0.010008,0.003634,0.011569,-0.012375,-0.000016,0.005816,0.000680,-0.004690,-0.000291,-0.003416,0.003822,0.002111,-0.004576,-0.005624,0.003672,-0.003926,-0.012337,0.004628,0.010981,-0.009457,-0.000797,0.003548,0.003230,-0.007387,-0.003796,0.000644,-0.000700,-0.006769,-0.006071,0.001679,-0.014102,-0.004644,-0.008468,-0.000706,0.006360,-0.009106,-0.000201,0.000830,-0.005000,-0.007894,-0.004178,-0.006507,0.000149,-0.005901,-0.002246,-0.005385,0.012283,-0.000900,-0.002208,-0.012988,0.001216,-0.001646,-0.001376,0.002312,-0.003772,-0.002135,-0.010929,-0.010180,0.007703,0.005755,0.000103,-0.003178,-0.000835,0.000267,0.000763,-0.006834,-0.002435,-0.006423,0.007647,0.007609,-0.005325,0.006004,0.006047,0.008872,0.001817,0.003688,0.005689,0.000188,0.003457,-0.001061,0.015750,0.004992,-0.009365,0.003937,0.002776,-0.010956,0.007066,-0.003772,-0.001175,-0.004837,-0.000178,0.004776,-0.012824,0.004909,-0.003421,0.003171,-0.003710,-0.000002,-0.007750,0.006404,-0.003560,-0.000559,0.000863,0.005868,0.005737,0.000038,-0.000104,0.001016,0.003207,0.005132,-0.004036,-0.003099,0.000175,-0.003276,0.001622,0.000293,0.005716,0.008448,0.003116,0.009298,0.001215,-0.000785,-0.007352,-0.003438,0.001814,0.005295,0.004406,2.000000
-0.884758,-0.201701,-0.138911,0.088793,0.207619,0.063626,0.077959,0.032740,0.132168,0.018476,-0.031856,0.006989,0.002044,-0.031646,-0.059303,0.064738,-0.038732,-0.039054,-0.046228,-0.056680,-0.040235,0.098083,-0.023280,-0.060266,0.075890,0.056359,0.013584,-0.037098,-0.009236,0.002344,0.002614,-0.028298,0.013184,-0.028240,-0.004411,0.003057,-0.002593,-0.020842,-0.017006,-0.013237,-0.018092,-0.021874,0.029131,-0.012139,0.041432,-0.032773,0.002086,-0.018730,-0.016400,-0.007411,0.036943,-0.028714,0.002798,0.008477,-0.001990,0.004789,-0.059666,0.018270,-0.004316,-0.007074,-0.013000,-0.006115,-0.028370,-0.014705,-0.000746,0.005740,-0.014173,-0.006986,0.008919,-0.003116,0.017117,-0.003695,0.018721,-0.017060,-0.022055,0.014973,-0.002481,0.011407,0.009661,0.014402,0.006452,0.003143,-0.005281,0.003783,0.006130,0.000001,0.016046,-0.000602,0.018151,0.001305,0.016420,-0.002197,-0.004994,-0.008786,0.001479,-0.027400,-0.012535,-0.029915,-0.033173,-0.022121,0.002678,0.026321,-0.014491,0.007408,0.003842,0.003667,0.017731,0.008166,0.000276,0.005257,0.008114,-0.008265,0.007916,-0.003882,-0.010803,0.015041,-0.001041,-0.004478,-0.015960,0.012907,-0.007660,0.002592,-0.011463,0.015106,0.013539,-0.008611,0.000636,0.009073,-0.009660,0.000644,-0.008222,-0.007292,0.017195,-0.003123,-0.004811,-0.013056,-0.000888,0.002952,0.002987,-0.000298,-0.022850,0.010866,0.006818,0.006499,-0.002090,0.010894,-0.015895,0.004309,-0.007760,0.001880,0.018050,-0.005613,0.008574,-0.002811,0.000683,-0.004010,-0.007231,0.020351,-0.000008,-0.008776,0.006364,-0.007221,-0.000527,-0.005663,0.003254,-0.002305,0.014430,-0.001350,0.003090,0.000870,-0.003064,0.001940,0.000835,0.003502,0.004988,0.000771,0.004222,-0.006389,-0.009679,-0.009536,-0.007430,0.002017,-0.006899,0.002682,0.004582,0.007228,-0.001904,0.004223,-0.007547,-0.006625,-0.006685,0.013379,-0.001215,-0.003842,0.006043,0.008677,-0.002865,-0.012049,0.010895,-0.000928,-0.000061,-0.004835,-0.009368,0.006658,0.002129,-0.005462,-0.006204,0.000237,0.008634,0.007890,0.000270,0.002626,0.010567,-0.002131,-0.005191,0.000295,0.008396,-0.003189,-0.003857,0.004726,-0.000889,-0.005712,-0.000605,-0.000371,-0.002425,-0.003104,0.011093,0.001154,0.007236,-0.013044,0.000436,-0.003621,0.009331,-0.006170,-0.011984,-0.003664,-0.001635,-0.002233,-0.007667,0.001513,-0.011820,0.005821,0.006547,0.005673,0.003080,-0.000572,0.003842,0.002422,0.002075,0.002093,-0.002965,-0.007789,-0.007555,0.006711,0.002846,-0.010460,-0.000952,0.010665,0.001264,-0.001639,0.000727,-0.004498,-0.000677,0.002534,0.000294,-0.009593,0.005172,-0.007636,0.000627,0.012842,0.000687,0.000193,0.000653,-0.000881,-0.006454,0.000261,-0.003378,-0.000682,0.006910,-0.001939,0.004388,-0.005785,0.000131,0.001860,0.002701,-0.005774,-0.002895,0.001169,0.005803,-0.002052,0.002727,0.003130,0.011546,0.000358,0.007450,0.000410,-0.005730,0.001570,-0.002738,-0.003227,1.000000
-0.884777,-0.068916,-0.129755,0.076545,0.199649,0.111173,0.077503,-0.013859,0.070703,-0.052913,-0.089463,-0.065891,0.054799,-0.020850,-0.012396,0.018608,-0.035478,-0.085805,-0.028673,-0.065768,-0.031348,0.104870,-0.077570,-0.053623,0.115952,0.086433,0.017816,-0.029932,0.016904,0.055437,-0.006021,-0.002508,0.051860,-0.019998,-0.019990,-0.003151,-0.059247,0.028880,0.038305,0.031787,-0.038894,0.027714,0.008855,0.001290,0.007186,0.016648,0.055018,-0.005736,0.010204,0.006240,0.027060,-0.019079,0.001493,0.029478,-0.001843,0.011111,-0.000167,-0.032642,-0.017256,0.001115,0.007168,-0.010127,-0.015326,-0.010854,-0.033636,0.006443,0.002836,-0.016542,-0.001419,-0.005456,0.002290,0.002942,0.005383,-0.003510,0.016420,-0.015588,-0.024596,0.008622,0.040983,-0.012991,-0.003138,-0.000001,-0.006288,-0.008246,0.019953,0.001254,0.002029,0.032759,-0.003947,-0.019250,-0.004075,0.005764,-0.006126,0.013362,0.012284,-0.032481,-0.022005,-0.013706,-0.022052,-0.005437,-0.015577,0.003893,-0.029538,-0.012650,-0.006452,-0.007050,0.008610,-0.000609,-0.029244,0.010556,0.013635,-0.025347,0.014948,0.018357,-0.001818,-0.008303,-0.007377,0.012726,-0.002054,0.011237,-0.011526,0.003344,-0.007384,0.004262,0.013198,-0.021456,-0.015308,-0.013060,-0.005826,-0.013947,-0.025929,-0.012113,0.014454,-0.005177,0.009334,0.001951,-0.004918,0.005163,-0.001906,-0.005958,-0.008063,0.003313,0.000300,0.015857,-0.000301,0.032591,-0.007389,0.005791,0.018147,0.000804,0.011798,0.004757,-0.019145,-0.011182,-0.007478,-0.005186,0.001263,0.002821,-0.019433,-0.002194,-0.008315,-0.007157,0.011593,-0.006340,0.009445,-0.014061,0.008971,-0.003162,0.004972,0.000213,0.004723,0.004544,-0.001531,0.007505,0.004444,0.005440,0.015289,-0.013313,-0.003664,-0.011588,0.002188,-0.008567,-0.008971,0.003251,0.001069,0.005508,0.002871,-0.005496,-0.004202,-0.005785,-0.016120,0.008473,0.003513,-0.005186,-0.008883,0.002102,-0.008766,0.010848,0.018642,-0.004539,0.000191,0.000248,-0.009044,0.016588,-0.006774,-0.003006,-0.005455,-0.003110,0.006097,-0.013504,-0.004083,0.005410,0.009341,0.002522,-0.013843,-0.001401,-0.006850,-0.000324,-0.010782,0.004262,0.010998,-0.011185,0.002640,-0.002176,-0.003522,-0.002130,0.007821,-0.004155,0.005688,-0.009287,0.000122,0.002788,-0.002957,-0.002852,-0.008472,-0.001251,-0.013761,-0.010639,-0.013668,0.009830,0.012432,0.001951,0.005153,-0.010059,0.001618,-0.011846,0.006046,0.006169,-0.001459,0.016592,0.006770,0.007022,-0.004951,0.010637,0.005538,0.004931,-0.003172,0.013185,-0.002153,0.002842,0.006312,-0.013721,-0.009354,0.000000,0.002496,-0.007463,-0.004327,0.002782,-0.000321,-0.003147,0.003817,-0.000937,-0.011981,0.004962,0.012904,-0.002696,-0.000880,-0.008989,-0.002098,-0.001396,-0.004263,0.008040,-0.000173,0.005036,0.002364,-0.000172,-0.000214,0.004241,-0.004422,-0.003390,0.006890,0.001867,0.010338,-0.002180,0.001421,0.006949,0.005679,-0.004183,-0.012619,-0.000003,2.000000
-0.890482,-0.135999,-0.141154,0.059570,0.180154,0.096665,0.204629,0.011710,-0.005715,0.033012,-0.086131,0.007467,-0.048434,-0.046503,-0.003031,0.037061,-0.028115,-0.071710,-0.077493,-0.044756,-0.021681,0.097957,-0.013635,-0.038782,0.085211,0.061390,0.019446,-0.012714,-0.010820,-0.013092,0.011492,-0.035615,0.018383,-0.005749,-0.015816,-0.020018,-0.031178,-0.021653,0.016270,0.026680,0.004441,0.005808,0.004208,-0.034100,0.018935,-0.006483,0.018502,-0.019114,0.012715,-0.006866,0.030184,-0.023958,0.028724,0.030767,-0.013733,-0.009504,-0.017360,-0.001861,-0.010055,-0.001301,0.006960,-0.000816,-0.035903,-0.000136,-0.002796,0.018935,0.017361,0.007491,0.004634,-0.002796,0.019818,-0.014712,0.011756,-0.022011,0.001019,-0.001698,0.002302,-0.003065,0.001388,0.015702,0.016100,-0.000107,-0.014689,-0.004396,0.007350,0.025059,0.018504,0.017927,0.021631,-0.022245,-0.004573,-0.010619,0.004306,0.006831,-0.003929,-0.026517,-0.017194,-0.026828,0.003483,-0.006124,0.007216,0.004606,-0.012872,0.014062,-0.003567,-0.001212,0.000423,-0.001587,0.015049,-0.012685,0.013928,-0.006964,-0.007845,-0.006677,-0.009746,0.002115,-0.007658,-0.004356,0.000834,0.013719,-0.005621,0.004843,-0.006504,-0.009590,0.008272,-0.011520,-0.014337,-0.008981,0.006709,-0.009261,-0.004856,-0.017028,0.014316,0.000955,0.001834,0.008387,0.003717,-0.009756,-0.000342,-0.003703,-0.003911,0.006246,-0.000539,0.009385,-0.003246,0.002045,0.001430,-0.006021,-0.002131,0.011303,0.014747,-0.007911,0.013114,-0.000934,-0.001768,-0.010466,0.000892,0.002041,-0.007068,-0.004140,0.001217,0.002763,0.008031,-0.003406,-0.006712,-0.004223,0.012852,-0.000721,0.003750,0.000689,-0.005280,-0.005614,0.001293,0.020489,-0.002180,0.016731,0.000846,-0.002055,-0.012662,-0.009286,0.005114,-0.008791,0.007105,0.005157,-0.004826,0.000049,0.008306,-0.001009,-0.017272,0.004110,-0.004977,0.006467,-0.006331,-0.003399,-0.005518,0.010457,-0.004933,0.002987,0.007944,-0.006043,-0.003403,0.001783,0.001119,0.005998,-0.001849,-0.007200,-0.008567,0.005548,0.004839,0.000030,0.001895,0.003693,0.003552,-0.007085,-0.004369,-0.008261,-0.005827,0.005360,-0.002531,0.001110,-0.004351,-0.004067,-0.011184,0.002731,0.010049,-0.004579,0.010238,0.000620,-0.003801,-0.008150,-0.002870,-0.009618,0.003473,0.006860,-0.000314,-0.008374,-0.018652,-0.008572,-0.007158,0.003347,0.004401,-0.000055,-0.002835,-0.000286,0.007467,-0.002044,0.006680,0.007017,0.004284,0.002518,-0.001055,-0.004724,0.004552,0.008309,-0.003563,-0.002880,0.000693,0.006605,-0.001663,0.004643,-0.005299,-0.008030,0.001148,0.008887,0.000894,-0.007361,0.001458,-0.007557,0.006245,0.008984,-0.003720,-0.006109,0.004753,-0.001069,0.000075,-0.000628,0.009139,-0.008053,0.004208,0.000659,-0.000569,-0.008386,0.002323,0.007142,-0.004877,-0.004820,-0.000273,0.003542,0.003814,-0.006185,-0.003018,0.002851,0.005023,-0.000034,0.006460,0.001815,-0.003058,0.007426,0.001602,0.005329,2.000000
-0.888120,-0.160590,-0.105808,0.198765,0.043542,0.135099,0.149757,0.044319,-0.007656,-0.041047,-0.075117,0.032683,-0.008412,-0.015293,-0.080164,0.073023,-0.007247,-0.030618,-0.034985,-0.001311,-0.027273,0.135241,-0.079843,-0.051409,0.066724,0.077528,-0.005762,-0.023263,-0.000545,0.005222,0.031644,0.028449,0.038887,-0.017289,-0.003025,0.003367,-0.024680,-0.004407,0.017751,0.005010,0.008766,0.023774,0.033457,-0.012578,0.030339,-0.006649,-0.015474,-0.019728,-0.013285,0.048650,0.019165,-0.028666,0.005306,0.012145,-0.004422,0.013490,-0.026243,0.013556,-0.002441,0.001675,-0.005293,-0.005953,-0.013838,-0.008117,0.000743,0.009106,0.007601,0.008965,0.004129,0.002147,-0.011833,-0.003900,0.000283,-0.011186,-0.007015,0.009988,0.005481,-0.015799,0.022830,-0.004826,0.015833,-0.005709,-0.018770,0.002953,0.004496,0.023131,0.009999,0.010026,-0.004307,-0.006306,0.000873,0.008417,-0.014356,0.009462,-0.012545,-0.026451,-0.014521,-0.008520,-0.013838,-0.005356,0.005946,0.020960,-0.004768,-0.001797,-0.008657,-0.007906,0.005544,0.002181,0.008791,-0.002399,0.005135,-0.012726,-0.011304,0.011786,-0.002851,-0.013809,0.000839,0.000850,-0.000981,0.001419,-0.002254,-0.004253,0.003964,0.009729,0.006153,0.003584,-0.003312,-0.023317,-0.010307,-0.004736,0.001364,-0.002815,0.019194,-0.010810,0.005838,0.014087,-0.006467,0.007481,-0.010148,0.006692,-0.004731,0.009195,0.014463,0.011516,0.011191,0.012971,-0.005765,-0.011192,0.000551,-0.004157,0.007142,-0.010571,-0.000646,-0.011228,0.001117,-0.001560,-0.002666,0.001470,-0.008667,0.003844,0.000402,-0.004544,0.006394,-0.000602,-0.006728,0.004891,0.011908,-0.007457,-0.014229,0.004964,-0.002286,-0.003053,-0.000562,-0.005732,-0.004836,0.017487,-0.013172,-0.005687,-0.010964,0.001042,0.002019,-0.000286,0.000047,-0.007823,0.009585,-0.000985,-0.003278,0.003159,-0.004015,0.002504,0.001841,0.006095,0.007007,0.009406,0.002411,0.012105,-0.001233,0.005045,0.012744,-0.016525,-0.012673,-0.004126,-0.004045,0.003998,0.013166,-0.015941,-0.000325,0.005343,0.002591,0.008763,0.005467,0.002808,-0.002490,-0.004998,-0.004507,-0.001174,-0.009403,-0.000181,0.012186,0.006011,0.006180,-0.005870,-0.012547,-0.002075,-0.011765,-0.003709,0.007300,-0.001773,0.007769,-0.006031,0.000036,0.000629,-0.000875,-0.012975,-0.004518,0.006190,-0.002234,0.006666,-0.000252,0.007266,0.005917,-0.002053,-0.001666,0.000426,0.004772,-0.000120,0.000616,-0.001513,-0.001507,-0.002185,0.006949,-0.005825,-0.003020,0.004953,-0.003236,-0.003245,0.002608,0.002540,0.000010,-0.004351,-0.002005,0.001242,-0.002495,0.005766,-0.002803,-0.006272,0.005054,-0.005976,-0.001120,0.006574,-0.001246,-0.002788,-0.000626,0.003976,0.012160,-0.000729,0.005480,-0.007852,-0.010686,0.006395,-0.003927,0.008493,0.003941,0.009167,0.012904,-0.000944,0.003768,0.005334,-0.001628,-0.004070,0.002192,0.003596,-0.000845,-0.005333,-0.001322,0.010004,-0.000157,-0.002814,0.001178,0.001878,1.000000
-0.877298,-0.123577,-0.120256,0.177735,0.008740,0.106147,0.157425,-0.019027,-0.002450,-0.015966,-0.042794,0.032315,-0.014516,-0.079545,-0.117461,0.052703,-0.000225,-0.045573,-0.007853,-0.075097,-0.108536,0.130256,-0.042776,-0.041812,0.100294,0.087498,0.029400,-0.022673,-0.018437,0.025251,0.009518,-0.008897,0.045402,-0.023637,0.012937,0.000160,-0.057141,0.006558,0.008364,0.043040,-0.036083,0.010933,0.024731,0.011273,0.033715,-0.032634,0.041684,-0.006811,-0.021479,0.004690,0.009723,-0.032315,-0.010170,0.025735,0.008761,-0.017096,-0.029575,0.023474,-0.018826,0.006506,-0.034987,0.036891,-0.026174,0.007745,-0.004256,-0.006887,0.015394,-0.015933,0.019851,0.019680,0.015250,-0.005246,0.041259,-0.034020,-0.009321,-0.006964,-0.026591,0.017298,0.016924,-0.001632,0.011332,-0.002115,0.000944,-0.002560,0.018416,0.009993,0.019763,0.004154,0.010438,-0.028549,0.005335,-0.001195,-0.004173,0.003251,-0.006113,-0.019556,-0.007916,-0.003109,-0.004217,-0.004480,-0.019612,0.023135,-0.003409,0.009720,-0.017598,-0.023091,-0.008514,0.001081,-0.000447,0.000951,0.001170,-0.010629,0.017976,0.013778,-0.004784,-0.006406,-0.010216,-0.013746,0.002391,0.009933,-0.015268,0.001472,-0.017336,0.004657,-0.010632,-0.021869,-0.016331,-0.005478,0.003879,-0.005984,-0.028753,-0.023663,0.004954,-0.009692,-0.004018,0.001281,0.003026,-0.009840,-0.010582,0.008584,-0.007313,0.015354,-0.017947,-0.001875,-0.002477,0.024271,-0.000210,0.014693,0.016464,0.011499,0.022473,0.007514,0.003035,0.005874,-0.006089,-0.004996,0.007421,0.012009,-0.000275,-0.002792,-0.010669,-0.018279,-0.000533,-0.004456,-0.000683,-0.000343,0.004851,-0.009715,-0.002165,0.008170,0.006298,0.012721,0.013662,0.014174,0.000083,0.022062,0.000281,0.003732,-0.007414,0.005242,0.004739,-0.001785,-0.003757,0.006505,-0.006066,0.000558,-0.001165,-0.004937,-0.008936,-0.000886,-0.004095,-0.003672,-0.003691,-0.002288,-0.002066,0.000990,0.007139,0.008823,0.012412,-0.006611,-0.006874,0.002530,-0.010855,-0.001280,0.001327,-0.005267,-0.006765,0.001311,-0.002853,-0.005061,0.008767,0.012872,0.012139,-0.000538,0.000615,0.004700,-0.004055,-0.009604,0.003657,0.011805,0.001567,-0.009069,-0.010162,0.004404,0.006237,-0.006762,0.004835,-0.001414,-0.004122,-0.005827,0.002765,0.006828,-0.002144,0.001725,-0.004995,-0.011709,-0.006791,-0.004789,-0.001340,0.011873,0.004209,-0.005812,0.011554,-0.001491,-0.002408,-0.006345,0.009772,-0.005699,0.003243,-0.003397,0.003696,-0.004329,0.002923,0.008306,-0.002036,-0.003527,0.003799,0.018912,-0.003164,-0.007043,0.006733,-0.010677,0.004126,0.005962,0.003405,-0.013339,0.006524,-0.004759,-0.003117,-0.003183,-0.010419,-0.002341,-0.000977,-0.009534,-0.000453,-0.002261,0.006153,-0.009598,-0.006305,0.003626,0.004385,0.003278,-0.004435,0.007047,0.007097,0.006945,-0.001797,-0.008894,0.000762,-0.001436,0.003148,0.003910,0.005812,-0.005824,0.001362,0.000967,-0.002605,-0.001828,0.004525,0.002722,1.000000
-0.952985,-0.082779,-0.094569,-0.098559,0.084497,0.017835,0.103198,-0.024861,0.038715,-0.065788,-0.071995,0.049051,0.016484,-0.054566,-0.000840,-0.008905,0.015956,-0.021281,-0.006890,-0.054656,-0.011720,0.048906,-0.039353,0.007948,0.029957,0.046116,-0.001103,-0.050759,-0.015199,0.019718,0.005126,-0.007433,0.029493,-0.016038,-0.036284,0.014756,-0.025106,-0.012540,0.010924,0.000526,-0.032914,0.031004,0.012063,-0.010584,0.008082,-0.007704,0.014174,-0.004491,-0.015189,-0.001403,-0.001812,-0.026454,0.009562,0.025607,-0.004393,-0.019411,-0.004044,0.013163,-0.009492,0.005036,0.004632,-0.010746,-0.025900,-0.005237,-0.006151,0.000353,0.004566,0.000609,-0.002846,-0.004671,-0.007550,-0.006985,0.007282,0.006351,-0.009900,0.015983,-0.010106,0.010984,0.004360,0.005830,-0.006786,0.001175,-0.000535,-0.001323,-0.000643,0.014997,-0.002024,0.007131,0.007276,-0.002778,-0.012831,0.015798,-0.008610,-0.003333,-0.006883,-0.010674,-0.004333,-0.007328,-0.011914,-0.006598,0.002207,0.013935,-0.011136,-0.013152,-0.005170,0.000377,-0.000263,-0.003997,0.014900,0.001904,0.018264,0.002886,0.002631,0.015370,-0.004537,0.005896,-0.002314,-0.002609,-0.002198,0.005823,0.001364,-0.008486,0.003571,0.000046,0.001954,-0.007792,-0.005197,-0.007799,0.001760,0.002765,-0.004713,-0.010732,0.005302,-0.001080,0.002157,0.001117,0.002820,-0.008445,0.008580,0.007436,-0.008592,0.000570,-0.013206,0.000528,-0.000584,0.006646,-0.003464,0.002229,0.005163,0.006452,0.009518,0.000395,-0.002801,-0.009782,0.004934,0.001890,-0.006655,0.006096,-0.005958,0.002276,0.005131,-0.003486,-0.010383,0.003756,-0.005268,-0.006534,0.010221,-0.006132,-0.002299,-0.000868,0.008029,0.004285,0.001522,0.004686,0.001894,0.006250,0.000411,-0.001200,-0.004518,0.002769,-0.001549,-0.003382,0.002701,-0.001324,-0.001646,0.008502,0.005024,0.008001,0.002017,0.002291,-0.001699,0.001612,-0.000281,-0.002518,-0.006457,0.004482,0.001633,0.000713,0.010614,-0.003458,-0.000648,0.001493,-0.002826,0.006763,-0.001255,-0.007179,0.000496,0.005219,-0.001227,-0.004000,0.001676,0.008179,-0.003723,-0.002833,-0.002430,0.001595,-0.001634,-0.002562,0.001944,0.007924,-0.001618,-0.001731,-0.005358,0.005247,-0.007172,-0.002071,0.006889,-0.000217,-0.004063,0.001321,-0.005057,0.001413,0.007041,0.009361,-0.007166,-0.000776,0.000163,0.002529,-0.005687,0.000518,0.000773,0.005242,0.002437,-0.001342,0.002527,0.002087,0.002031,0.004863,0.002884,0.003301,0.002043,-0.001390,-0.003658,0.007581,-0.004149,-0.001369,-0.005095,0.003309,-0.004849,0.000315,0.004555,-0.001721,0.001360,0.003127,0.003107,-0.003993,0.001351,0.000347,0.002500,0.003216,-0.001264,-0.004970,0.002568,-0.002041,0.000750,-0.002187,0.000119,-0.000234,-0.000956,0.001587,-0.002252,-0.001335,-0.002745,0.002578,0.002080,0.001484,-0.001039,-0.000064,0.003380,-0.000082,0.004055,-0.000846,-0.000235,0.001457,-0.000873,0.000651,-0.001175,0.000716,0.002047,-0.003581,2.000000
-0.890168,-0.215284,-0.144758,-0.070488,0.140536,0.101937,0.120128,0.096349,0.025732,-0.057060,-0.051730,-0.004007,-0.021493,0.001212,-0.001812,0.017701,-0.037108,-0.020514,0.016810,-0.080835,-0.088836,0.097456,0.003661,-0.040303,0.102458,0.072587,0.027240,-0.008693,-0.004032,-0.007751,0.015447,-0.009361,0.024048,-0.034375,-0.016699,-0.032564,-0.038817,-0.027775,0.005566,-0.027700,-0.017668,0.014242,-0.003002,0.024838,0.049069,-0.014701,0.021196,-0.004460,0.015170,0.035856,-0.005371,-0.017742,-0.007772,0.012872,-0.001699,-0.019451,-0.032272,0.019235,-0.000165,0.003438,-0.029512,-0.004305,-0.022605,0.002879,-0.005311,0.007563,0.008764,-0.025544,-0.004101,0.016163,0.027390,-0.000819,-0.009407,-0.021963,-0.009462,0.003420,-0.000614,0.008267,0.009717,-0.008898,0.014629,0.002888,-0.022555,-0.011222,0.009070,0.010644,0.009988,0.013471,0.013592,-0.021438,-0.002185,0.009813,-0.008488,0.007042,-0.010905,-0.017283,-0.016188,-0.018787,0.006275,-0.009698,-0.021065,0.021822,-0.006147,-0.001938,0.007532,-0.010687,0.005942,-0.009699,0.006890,-0.000560,0.007706,0.007247,-0.003654,0.002548,0.007818,0.001918,-0.011938,0.009590,-0.003789,0.005861,0.000258,-0.009130,0.002980,0.000998,0.000709,-0.016345,-0.014264,-0.016208,0.006582,-0.004802,-0.006370,-0.002271,0.010233,-0.003846,-0.005777,0.002173,-0.008363,-0.005455,0.004133,-0.009487,0.000456,0.007395,-0.005079,0.004759,-0.011552,0.009592,0.009962,0.003801,0.004688,0.002727,0.003932,0.005377,-0.003557,-0.000874,0.000102,0.004458,0.003492,-0.002812,-0.007420,-0.008378,-0.001701,-0.003764,-0.002100,-0.005732,-0.010134,-0.004040,0.003802,0.002950,0.002695,0.006261,-0.004776,-0.003183,0.004542,-0.005685,-0.008950,0.005322,0.004458,-0.011662,-0.008693,-0.000167,-0.003750,-0.002068,0.001918,0.005714,0.000627,0.006556,0.001943,0.006930,-0.004401,-0.003645,-0.001943,0.003713,-0.008848,-0.008911,-0.003378,0.002760,-0.005837,0.001716,0.005405,-0.002978,-0.008554,-0.002700,-0.002035,0.012677,0.000564,-0.005014,0.000139,0.005556,0.007209,0.001203,0.007718,-0.000199,0.006363,-0.000868,0.000427,0.004900,-0.005910,-0.006481,-0.003089,-0.000974,0.000388,-0.001129,-0.006981,-0.004457,0.004440,-0.003120,-0.001121,0.000995,-0.001420,-0.005618,-0.005694,0.001118,0.005315,-0.001217,-0.003602,0.000647,-0.001275,-0.003214,-0.012594,-0.006258,-0.009345,0.004135,0.001028,-0.015417,0.002605,-0.007397,0.010487,0.003283,0.007673,-0.006991,0.006227,-0.009902,0.003177,0.000544,0.002823,-0.001873,0.000676,0.003010,0.001166,0.002830,0.003398,-0.004261,-0.001225,0.005756,0.003783,-0.004062,0.005048,-0.003881,0.006840,0.003025,-0.005117,-0.006867,-0.003360,-0.004900,-0.005928,0.003283,0.001044,0.002066,-0.005125,-0.000626,-0.000482,0.004084,0.009253,0.007099,0.007404,-0.009823,0.005437,-0.000251,0.000303,-0.000747,0.001852,0.003377,0.003764,0.001160,0.003523,-0.002767,0.002373,0.002441,-0.010802,0.004849,2.000000
-0.955580,-0.066930,-0.082702,-0.006312,0.080284,0.105753,0.152637,-0.032472,0.013931,-0.024505,-0.036296,-0.005322,0.019646,0.001149,0.017704,0.058198,-0.024449,-0.023074,-0.035052,-0.025274,-0.042020,0.064046,-0.028537,-0.020568,0.048581,0.000978,-0.000337,0.004460,0.035854,0.020801,-0.008099,-0.006161,0.018727,0.000651,0.002186,0.006942,-0.012747,-0.005092,0.025560,0.027734,0.000204,0.006672,0.001513,0.004133,-0.027232,-0.023046,0.009145,-0.019252,-0.001800,0.000819,0.007637,-0.008374,-0.012739,-0.005877,-0.003720,-0.005492,-0.029676,-0.004703,-0.021920,0.013271,-0.000398,-0.003196,-0.027005,-0.001159,-0.004974,-0.012206,0.004585,-0.016262,0.007278,-0.010002,0.008165,-0.004174,0.005431,-0.007641,-0.013331,-0.000047,-0.006410,-0.001834,0.004453,0.003501,0.011502,0.007659,-0.006190,-0.003916,0.009923,0.006701,0.015054,-0.000042,-0.002620,-0.003537,0.004355,0.001804,-0.012287,-0.003394,-0.020589,-0.004526,-0.015692,-0.005688,0.000684,-0.004274,-0.009114,0.009763,-0.007214,-0.000000,-0.008714,-0.012993,0.000167,-0.006052,0.002761,-0.005950,0.006652,-0.002253,0.012558,0.003260,-0.011379,-0.001328,-0.001511,-0.004976,-0.005699,0.002654,-0.008128,-0.001775,-0.000093,-0.002736,-0.000469,-0.009401,-0.011666,-0.007720,0.001709,0.000088,-0.001900,0.002782,0.012206,0.005432,0.005222,0.005133,0.004586,0.002786,0.000605,0.003147,0.005276,-0.000959,0.007629,0.011557,0.000762,0.007285,-0.007924,-0.002275,0.004780,0.007361,0.006599,-0.001953,0.000550,-0.003888,0.008228,-0.000362,-0.003105,-0.003962,-0.005367,0.003295,0.001111,-0.000402,0.001723,-0.008477,0.000998,-0.004681,0.006732,-0.002735,0.004632,0.003603,0.000383,0.001457,0.008081,0.006896,-0.000496,0.001619,0.006724,-0.004667,-0.003997,-0.005199,-0.001303,-0.001896,-0.001302,-0.001573,-0.002177,0.010445,0.001629,-0.001040,0.000618,-0.000991,-0.003046,0.008306,-0.001341,0.002132,0.003224,0.004949,0.002984,-0.000128,0.004587,-0.006167,0.001260,0.000005,-0.005690,0.007064,0.004810,-0.007369,-0.006272,-0.002322,-0.000163,0.003620,-0.001934,0.003176,0.002769,-0.003207,0.002277,0.004021,-0.003225,-0.003647,0.003561,0.007135,-0.001320,-0.003297,0.000502,-0.001650,-0.002355,-0.000492,0.005242,0.001965,-0.003385,-0.005986,-0.001032,-0.001253,0.000273,0.000308,-0.004963,-0.002224,-0.001040,-0.001373,-0.010065,-0.002222,0.000497,0.003195,0.003757,-0.002509,-0.000306,-0.001414,0.003679,0.002749,0.002623,0.000321,0.001196,0.000328,0.002763,0.002679,-0.000529,-0.004306,0.000974,0.005027,-0.002459,-0.000731,0.001841,0.002795,-0.002351,0.000012,0.004008,-0.003438,0.006414,0.004002,0.002203,-0.000268,0.002826,0.000630,-0.000287,-0.001756,0.000661,0.002499,0.001526,-0.002045,0.003452,0.002738,-0.000463,-0.001909,-0.001919,0.002643,-0.000786,-0.000643,0.001911,0.000999,-0.000696,-0.002236,0.001650,-0.000082,0.003625,0.000011,0.001000,0.000131,-0.003732,-0.000343,-0.001972,0.003169,2.000000
-0.879682,-0.250690,-0.095921,0.114239,0.170502,0.145433,0.018490,-0.031868,0.064294,-0.033069,-0.013898,-0.018229,0.011633,-0.005504,-0.008610,0.036087,-0.015895,-0.019224,-0.084676,-0.067749,-0.107112,0.069844,-0.038869,-0.043030,0.116720,0.052022,0.041448,-0.018323,0.017981,0.021719,0.014719,-0.023462,0.029380,-0.037878,-0.048290,-0.005602,-0.043898,-0.021953,0.019055,0.000621,0.024924,0.004508,0.020015,0.010383,0.036209,-0.042592,0.008226,-0.033044,-0.007066,-0.007408,0.003059,-0.033470,0.014111,0.022609,0.004507,-0.009290,-0.012078,0.010346,-0.014220,0.023340,-0.001384,-0.017514,-0.004485,0.001001,-0.012274,-0.000303,-0.009283,-0.003171,0.008869,0.013804,0.028081,-0.010790,0.007510,-0.005608,-0.006021,0.003171,0.003797,0.004435,0.009354,-0.007189,0.013411,0.006254,0.003162,-0.007402,0.007344,0.003683,0.018353,0.011359,-0.003843,-0.013440,0.024124,-0.001662,-0.011367,-0.003705,0.001848,-0.004130,-0.008603,-0.001666,-0.004916,-0.001510,-0.012244,0.002060,0.000354,-0.007026,-0.026043,-0.004937,0.003760,0.000978,0.006069,-0.000689,0.007907,-0.007631,-0.007914,0.005188,-0.035118,0.002932,-0.011619,0.006830,0.005746,0.008575,0.010637,-0.000218,0.000489,0.012359,0.017479,0.001020,-0.001843,-0.007987,0.006064,-0.010462,-0.008206,-0.003949,-0.002737,-0.003390,-0.001023,0.011125,-0.003711,-0.003921,-0.012950,0.013064,-0.008683,0.013166,-0.000332,0.016002,-0.009030,0.007006,-0.003292,0.004186,-0.006422,-0.001380,0.014390,0.009634,0.005393,-0.014706,-0.000438,-0.007874,-0.007654,0.012893,-0.006285,-0.008469,0.007596,-0.001811,-0.010283,-0.002148,-0.004573,-0.003967,0.004815,-0.001159,-0.007377,0.005966,-0.004599,-0.000562,-0.003260,0.013404,-0.008181,0.016738,0.000759,-0.003633,-0.000626,-0.005104,0.010689,0.002852,-0.004798,0.002563,-0.004609,0.010694,0.009840,0.001452,0.002407,-0.004160,-0.007615,0.003917,-0.004797,0.002704,-0.003902,0.015058,0.006679,-0.008396,0.009459,-0.007597,0.001875,0.004116,0.003108,0.003158,-0.003443,-0.010078,-0.006777,0.001038,-0.000472,-0.002891,-0.001932,0.002217,0.005108,-0.007890,0.009162,0.000087,-0.006083,-0.012862,0.003199,0.005776,0.001082,-0.010155,-0.000912,-0.004669,-0.003684,0.000891,0.004344,0.007097,-0.000015,-0.007680,-0.002958,0.004937,-0.011488,-0.001718,-0.010160,0.001828,0.002428,0.003302,-0.010759,-0.002401,0.008093,-0.000043,0.004542,-0.005802,0.004150,-0.009850,0.009503,0.001216,-0.003546,-0.006843,0.001169,0.002496,-0.009386,0.007766,0.001593,-0.001135,-0.001308,0.008347,0.000616,-0.003191,0.005926,-0.008333,0.001939,0.004777,-0.003653,-0.006128,0.002648,-0.006325,0.006163,0.000876,0.001384,0.003962,-0.001002,-0.004894,-0.000069,-0.001040,0.003796,-0.003598,-0.003397,0.001542,-0.009106,0.005157,0.000319,0.006385,0.000934,-0.000508,-0.002856,0.002030,0.008384,0.000136,0.001344,0.008901,0.000521,0.000256,-0.001665,0.001711,0.000324,0.003515,-0.001281,0.001595,1.000000
-0.955355,-0.109475,0.084979,0.019318,0.125473,0.053201,0.108316,-0.024341,0.006132,-0.002569,0.004209,-0.008423,-0.000482,-0.032840,-0.029570,0.018344,0.002072,-0.027771,-0.022531,-0.057505,-0.054984,0.067419,-0.048089,-0.025011,0.065183,0.017386,0.006595,-0.034961,0.002703,0.022602,0.010206,-0.016261,0.021357,-0.007037,-0.004675,-0.012346,-0.022305,-0.011343,0.004393,0.001512,-0.010566,0.024669,0.013591,-0.011842,0.014706,-0.004926,0.020162,-0.003241,0.004079,0.017261,-0.007155,-0.019822,0.003396,0.011525,-0.002463,-0.011218,-0.008799,0.018008,0.007857,-0.006735,-0.013430,0.002986,-0.011475,-0.003982,0.006619,0.016781,0.007786,0.003609,0.010683,-0.011627,0.000765,0.002347,0.016012,-0.014993,-0.004657,-0.004342,-0.003514,0.004314,0.010841,-0.010106,0.012267,0.010276,0.002146,-0.005839,0.002841,0.008185,0.021065,0.000361,-0.009840,-0.009683,0.019236,0.008943,-0.014494,-0.007083,-0.010381,-0.013375,-0.014352,-0.007026,-0.006301,-0.008705,-0.007566,0.011211,-0.006905,-0.002250,-0.008000,0.001535,0.009691,-0.000218,0.007600,0.002717,-0.001834,-0.000744,0.000815,0.006688,-0.003086,-0.005236,0.003375,0.005739,-0.000801,0.008617,-0.004001,0.001797,-0.003718,-0.001822,0.003861,-0.004310,-0.015139,-0.007026,0.007757,-0.006290,-0.007707,-0.002951,0.003068,-0.004780,0.006970,-0.000420,-0.002677,-0.001263,0.001172,-0.005350,-0.009450,-0.002042,0.002120,0.005660,0.005065,0.004438,-0.006579,-0.001029,-0.000408,0.003977,0.008408,0.003581,-0.000068,0.000936,-0.002772,-0.000474,0.001616,0.004097,-0.002098,0.000592,-0.005260,0.001300,-0.000273,0.001219,0.005039,-0.004124,0.005309,-0.001878,-0.003778,0.000743,0.003290,-0.004169,0.003592,0.008323,-0.002482,0.007843,0.005523,-0.013618,-0.000382,-0.005208,-0.001034,-0.003171,0.000013,-0.002577,0.004853,0.000619,0.000878,0.001037,0.000466,-0.006083,-0.004673,0.005588,-0.007900,0.004002,0.001673,0.006920,-0.001113,0.001408,0.010913,-0.006762,-0.002426,-0.001388,-0.000131,0.002869,-0.003907,-0.006655,0.001818,0.001649,-0.001099,0.000440,-0.006014,0.007958,0.002157,-0.002293,-0.004563,0.005177,-0.001597,-0.007287,-0.004539,0.005104,-0.000736,-0.003024,-0.005022,0.000243,-0.003857,-0.000149,0.003613,-0.002590,0.000995,-0.003953,-0.000492,-0.000873,0.002130,0.000646,0.001439,-0.003481,-0.005848,0.002228,-0.007409,0.003610,-0.001395,0.001892,-0.002519,-0.000021,0.002055,-0.000221,0.009562,0.000561,0.000869,0.001073,0.002121,0.001591,-0.000802,0.004058,-0.000210,-0.003239,-0.003611,-0.000803,-0.000252,0.003637,0.002129,-0.005725,-0.001743,0.003458,0.004711,-0.006922,0.002058,0.001214,0.002819,0.005490,0.000522,-0.005971,0.000967,-0.003393,-0.002460,0.007452,0.004375,-0.006140,0.005760,0.003675,-0.004878,-0.001930,0.000965,0.001582,0.002378,0.000883,0.002242,0.002518,0.003755,0.000247,0.003912,0.004508,0.001699,-0.000076,-0.002062,-0.000748,0.000348,0.001893,0.005828,0.002865,1.000000
-0.889368,0.092322,-0.189689,0.087168,0.160136,0.124566,0.093702,-0.045428,0.098088,-0.059010,-0.001031,0.071765,0.035044,-0.010963,-0.040293,0.050210,-0.017599,-0.015849,-0.050320,-0.084666,-0.044920,0.147428,-0.047032,-0.027971,0.094234,0.034776,0.021550,-0.029150,0.023407,0.026922,0.035845,-0.018766,0.007160,-0.012499,-0.028070,0.003225,-0.061268,-0.006092,0.016039,0.009633,-0.039179,0.015024,0.014518,-0.003727,0.039582,-0.003166,0.032930,-0.002542,0.011101,0.029051,-0.009741,-0.003061,-0.001856,0.016113,-0.011591,-0.013455,-0.031349,-0.014857,-0.011440,0.003385,0.009911,0.013126,-0.023598,-0.011176,-0.005671,0.002303,0.005794,-0.028375,0.006385,-0.007575,0.013364,-0.000705,0.010580,-0.022956,-0.000441,-0.002005,-0.015384,0.001121,0.020277,-0.023910,0.017145,-0.002439,0.011242,-0.008602,0.012085,0.027344,0.012753,0.019341,0.009860,-0.008916,0.003551,0.011622,-0.010573,-0.003954,0.002962,-0.020275,-0.011640,-0.016523,-0.008541,-0.002455,-0.009625,0.024996,-0.014918,0.002351,0.001411,-0.016275,0.003105,-0.004897,0.001652,-0.009615,0.007567,-0.004494,-0.008084,0.000898,-0.001416,-0.005526,0.007941,0.014429,-0.001372,0.006657,-0.016463,-0.000534,-0.002760,0.001987,-0.003661,-0.011226,-0.022579,-0.004714,0.003372,-0.013331,-0.018097,-0.011833,-0.000629,-0.004729,0.005196,-0.007629,0.002004,0.012411,-0.007329,0.000927,-0.011852,0.006228,-0.000297,0.004329,-0.006350,0.013653,-0.006852,0.000977,0.005302,-0.005104,0.019940,0.010797,0.005257,-0.007634,0.004354,0.003623,-0.000548,0.006204,-0.000851,-0.001355,0.002103,0.000198,-0.004521,0.009406,0.000966,-0.013295,0.000989,-0.009253,0.000247,-0.002551,0.006315,0.008913,-0.001324,0.014175,-0.005888,0.004256,0.005959,-0.007710,0.011438,-0.000317,0.001399,-0.000564,0.003847,0.001672,0.006478,0.012445,0.005539,0.001359,-0.000887,-0.001118,-0.008132,0.011860,-0.008627,-0.003524,0.010509,0.011645,0.006512,-0.000204,0.008282,-0.001712,-0.006867,-0.007961,-0.003436,0.006225,0.004248,-0.009836,-0.005280,0.004335,-0.004284,0.001929,-0.004386,0.006631,0.006967,0.000141,0.000177,0.000155,0.003623,-0.005852,-0.004124,0.012770,0.003814,-0.011278,-0.007266,0.003340,0.008059,0.000084,0.002759,0.009660,0.001099,-0.002338,0.000255,-0.000638,0.004549,0.002132,-0.007793,-0.005704,-0.001150,-0.002611,-0.012629,0.006959,0.010530,-0.003116,-0.001389,-0.003290,-0.003830,0.006367,0.003931,0.007027,-0.002369,0.006719,0.004140,0.000398,-0.006186,-0.001309,-0.002027,-0.004089,0.002602,0.005241,-0.001297,0.001797,0.002529,-0.004399,-0.001267,0.000710,0.004845,-0.014156,0.009301,-0.001486,0.001514,0.007206,0.003847,0.001082,-0.002090,0.000815,-0.001529,-0.001828,0.000810,-0.001566,-0.003399,0.008047,-0.005253,-0.013946,-0.002605,0.008439,0.003201,-0.001741,0.006447,0.003610,0.006128,-0.003700,0.001503,0.003045,0.004705,-0.006186,0.004784,-0.005606,-0.001768,0.002588,0.004282,-0.006563,2.000000
-0.868693,0.108631,-0.190531,0.169633,0.173804,0.019495,0.055740,0.039460,0.126236,-0.034944,-0.041841,-0.033617,0.043506,-0.018281,0.030786,-0.029286,-0.008559,-0.028276,-0.068723,-0.086911,-0.129534,0.079371,-0.046082,-0.055847,0.115759,0.076401,0.057459,-0.044628,0.006441,-0.006333,0.046268,-0.016413,0.048358,0.004247,-0.032754,0.015320,-0.040402,-0.009155,-0.001866,0.030848,-0.006793,0.022442,0.013188,0.023067,0.014458,-0.023873,0.028583,-0.015402,-0.003141,0.014910,0.006186,-0.063716,0.030981,0.014359,0.002369,-0.008412,-0.024180,0.005525,-0.034832,0.023820,-0.016558,0.007781,-0.027030,0.025768,-0.017764,-0.003991,0.013623,-0.015977,-0.010578,0.004829,0.012157,-0.016814,0.016634,-0.003382,-0.001882,0.009504,0.008357,-0.008264,0.005359,0.005412,0.003884,0.000694,-0.004036,0.008191,0.019197,0.021102,0.023526,0.011883,0.005979,0.006882,0.000616,-0.003568,-0.018596,-0.005601,-0.031676,-0.025958,-0.021294,-0.016003,-0.008169,0.004537,-0.006317,0.020868,0.007078,-0.004671,-0.024736,0.003880,0.005544,0.005558,-0.005727,0.009245,0.014509,-0.010788,-0.001812,0.004670,-0.000541,0.009797,-0.015850,0.000907,-0.007358,0.010555,-0.008261,0.003175,0.001850,-0.005582,-0.005251,-0.021553,-0.019372,-0.015732,0.011115,-0.014003,0.004171,-0.017351,0.005245,-0.002556,0.008459,-0.004005,0.004215,0.000315,-0.003876,-0.008701,0.003486,0.004497,-0.002440,0.023250,0.015150,0.007768,-0.003488,0.006276,0.008133,0.006126,-0.000765,0.006947,-0.014339,0.013755,0.011056,-0.006159,0.015011,-0.000489,-0.006369,-0.003942,-0.004914,-0.014724,-0.001290,-0.005965,0.014455,-0.004013,0.017258,-0.006534,0.009786,0.005227,-0.002409,0.011254,0.004525,0.014462,-0.003806,0.017968,-0.011558,-0.017403,-0.005563,-0.013149,0.011252,-0.007876,0.005959,0.000735,0.002192,0.001284,-0.006361,-0.006656,-0.001958,0.011164,-0.011580,0.006964,0.003761,-0.006705,0.003943,0.008283,-0.008123,-0.000003,0.031359,0.005477,-0.003687,-0.003834,0.004489,0.006869,-0.002889,-0.004803,0.002390,0.005913,-0.002746,0.012487,-0.001870,0.007372,0.015646,-0.005392,-0.005452,0.000515,-0.014917,-0.013896,-0.010644,-0.000540,-0.008620,-0.010798,-0.012154,0.011058,-0.007952,-0.002995,-0.001263,-0.007822,-0.005942,-0.011386,-0.017012,-0.003905,0.001019,-0.005350,-0.013581,0.003733,0.006742,-0.008821,-0.005145,-0.005927,0.005093,0.009455,0.006489,0.004450,0.003533,0.001655,0.004147,-0.002368,-0.000098,-0.005035,-0.013474,0.002104,-0.005902,-0.004631,-0.000787,0.000385,-0.001744,0.009737,0.001350,-0.001976,-0.001459,-0.006472,0.010609,-0.007164,-0.004080,-0.006042,0.007108,-0.007855,0.002518,0.011561,0.002521,-0.001678,-0.001493,-0.008223,0.011118,0.003633,0.014168,-0.000989,0.003695,-0.007303,-0.001703,0.001670,-0.008107,0.005606,0.000653,-0.000294,0.002369,0.000456,0.006897,-0.003883,0.010180,-0.001013,0.002177,-0.005868,0.008478,0.000016,0.001943,0.002950,-0.003744,-0.002292,2.000000
-0.891924,0.117818,-0.171212,0.065856,0.197086,0.045613,0.130061,-0.022181,0.016905,-0.050998,-0.029233,-0.010202,-0.033457,-0.114933,-0.062763,0.074852,0.017681,-0.020502,-0.003082,-0.044301,-0.098336,0.079768,-0.024004,-0.051988,0.110666,0.039223,0.024652,-0.003000,0.015437,0.007256,0.008875,-0.024304,0.026726,-0.028075,-0.036307,0.012662,-0.054414,-0.052205,0.005900,-0.022062,-0.010806,0.042434,-0.011940,-0.016179,0.011908,-0.007254,0.010939,0.028959,0.014291,-0.001883,0.015865,-0.035244,0.003248,0.033737,0.018987,-0.021275,-0.014380,-0.008854,-0.008349,0.004252,-0.016969,-0.029522,-0.008269,-0.007839,-0.005295,0.006483,0.010666,-0.028377,-0.002791,0.005035,0.000036,-0.016044,0.010659,-0.003403,-0.007463,-0.008461,-0.013823,-0.003888,0.014733,-0.007122,0.020509,-0.017086,-0.003077,0.008914,0.017433,-0.004899,0.011552,0.008534,0.006322,-0.010024,0.007357,0.008485,-0.009156,-0.011875,0.010952,-0.005689,-0.001124,-0.017071,0.009859,0.008820,-0.016103,0.012169,-0.001062,0.000002,-0.001665,-0.000112,-0.018095,-0.008942,0.004839,-0.010964,0.011934,-0.004918,-0.012646,-0.007583,-0.002756,-0.000090,-0.008531,-0.008359,-0.010294,0.014171,-0.014600,-0.001887,-0.007369,0.014388,0.001533,-0.003825,-0.019273,0.001361,0.004741,-0.001508,-0.011645,-0.016556,0.015858,-0.006160,-0.007341,-0.017162,0.007508,-0.004408,-0.010885,-0.005149,-0.006252,-0.003647,0.004747,0.012118,0.007157,0.021391,0.009288,-0.012988,-0.007855,0.018033,0.004437,-0.000386,-0.007035,-0.003286,-0.006661,-0.005245,0.005451,0.013835,-0.026344,-0.001811,-0.004861,-0.002462,0.003195,-0.004237,0.002219,-0.008799,0.009455,-0.002213,-0.002634,-0.003683,0.000694,0.006552,0.001951,0.001017,-0.012276,0.009102,0.009342,0.001905,0.000166,-0.007555,0.003792,0.001785,-0.000364,0.005357,0.001790,-0.000284,-0.003862,0.007284,0.002236,-0.008438,-0.009979,0.002219,-0.011672,0.009998,0.006072,0.008504,-0.001375,0.004857,0.014865,0.003158,-0.006535,-0.000380,-0.008437,0.007100,0.011501,-0.009226,-0.009160,0.002070,0.002450,0.001081,-0.001926,0.008210,-0.001950,0.004718,-0.005461,-0.000744,-0.004999,0.006126,0.014220,0.005151,0.000599,-0.005913,-0.006142,0.002011,-0.005768,-0.003899,0.004769,0.006902,-0.003628,0.001667,-0.001228,0.003134,0.004340,-0.000809,-0.000362,-0.013849,-0.004908,-0.001519,-0.008037,0.002729,0.003723,0.009966,0.002105,-0.005844,0.007504,-0.003910,0.010997,0.002646,0.006627,-0.000667,-0.002378,-0.002814,0.003396,0.005422,0.001704,-0.010554,-0.006267,0.010232,-0.008155,-0.000063,0.003331,-0.003587,-0.005841,-0.001275,0.002843,-0.003845,0.006786,0.002276,0.002009,0.008387,0.005186,-0.004313,0.007896,-0.008186,0.006452,0.005322,0.006892,-0.000041,0.001212,-0.001971,-0.001585,0.003010,-0.005638,0.004530,0.001517,0.000302,0.002338,0.006639,0.009597,-0.000686,0.002913,0.003551,0.005222,-0.003441,0.004725,0.002803,-0.006841,-0.002119,0.002185,-0.003777,2.000000
-0.892551,-0.144328,-0.119280,0.040357,0.227298,0.069845,0.124138,0.014493,0.057043,-0.048232,-0.034994,-0.071711,0.007494,-0.011107,-0.035508,0.014500,-0.035485,0.014044,-0.002162,-0.009174,-0.074184,0.127124,-0.064767,-0.054558,0.107401,0.045307,0.013041,-0.037022,0.004441,0.017917,0.030362,-0.004436,0.013102,-0.004921,-0.015515,-0.006980,-0.040398,-0.000040,-0.009999,0.026196,-0.033737,0.021117,0.027120,-0.004482,-0.006946,-0.012636,-0.002198,-0.006592,-0.021212,0.001146,-0.010549,-0.044693,-0.024524,0.048541,-0.002271,-0.010967,-0.023423,0.007122,0.011697,0.002803,-0.019645,-0.013425,-0.032447,0.013423,0.000401,0.003292,0.002942,-0.038143,0.036764,0.018892,0.015657,-0.011199,0.010507,-0.028862,-0.005510,0.007517,-0.010245,0.001928,0.017301,0.000104,-0.005113,-0.000937,0.007557,0.014506,0.010820,-0.003486,0.023480,0.013692,0.013024,-0.036114,0.002248,-0.005975,0.012973,-0.001311,-0.001348,-0.030467,-0.025937,-0.022384,-0.019708,-0.010072,-0.004812,0.008707,-0.014819,-0.000743,-0.001917,0.005913,0.006021,0.006050,0.017228,0.000397,0.001984,-0.001951,0.003126,0.009598,-0.011053,0.005821,-0.013142,0.001576,-0.005011,0.003601,-0.001571,-0.003005,-0.001592,0.002795,0.004654,0.001157,-0.006169,-0.010584,-0.000534,-0.002727,-0.023971,-0.002428,0.008219,-0.005537,-0.001180,0.000003,-0.000470,0.006929,-0.011649,-0.017988,0.004427,-0.003851,0.007416,0.011810,0.001540,0.022091,0.003262,0.015452,0.004276,0.010300,0.010829,-0.005709,0.008696,-0.006424,0.008398,-0.007573,0.009915,0.018800,-0.018770,0.001486,-0.008700,-0.000034,-0.001194,0.003648,-0.015064,-0.005982,0.016607,-0.007791,0.008032,0.003420,0.005346,-0.003474,0.010446,0.015616,0.006446,0.004241,0.002418,-0.002381,-0.008823,-0.012424,-0.001199,-0.008510,0.009621,0.007272,-0.000624,0.012927,-0.006930,-0.002269,0.004794,-0.000855,0.001573,0.011814,-0.002317,0.006319,0.002521,0.017277,0.001444,0.001511,0.008856,-0.000621,0.000745,-0.002251,0.008383,0.002882,0.000909,-0.006019,0.007698,0.007540,-0.007266,-0.000670,0.001390,-0.007026,-0.000233,-0.003471,-0.001802,0.009264,-0.000155,-0.004440,0.007886,0.009630,0.005992,0.002748,-0.007284,-0.000784,0.011713,-0.003637,0.004227,-0.001962,-0.005712,-0.005861,0.000507,0.003882,-0.003070,-0.003215,-0.015025,-0.001656,-0.004922,-0.002903,-0.008829,0.000665,0.003673,-0.004334,-0.002542,-0.008793,0.004802,-0.005475,0.004256,0.001772,-0.003325,0.003502,-0.004323,-0.001491,-0.002730,-0.004606,-0.003224,0.002719,0.002677,0.005802,0.006297,0.006082,-0.000735,-0.007425,0.003202,0.006415,0.005083,0.001118,0.002344,0.000797,0.005655,0.005893,-0.002070,-0.009666,0.002265,0.006640,0.003125,-0.002688,0.007675,-0.004331,-0.002667,0.005026,-0.001823,-0.001247,-0.005203,-0.005173,0.005767,0.001312,0.002364,0.006326,0.000635,-0.002952,0.002702,0.000294,0.006282,-0.001343,-0.002339,-0.003684,0.003792,-0.003289,0.005541,0.011083,1.000000
-0.875441,-0.179163,-0.156003,0.065372,0.247868,0.023526,0.112180,-0.040337,0.052557,0.015385,-0.101303,-0.007309,-0.019478,-0.019497,-0.015018,0.019020,-0.027243,-0.083287,0.025879,-0.014730,-0.089365,0.133993,-0.039223,-0.049269,0.122458,0.043822,0.008401,-0.019786,-0.003538,0.021540,-0.023754,0.002407,0.045481,-0.017174,-0.016768,0.033501,-0.034172,-0.031521,0.013081,0.009984,0.005619,0.027530,0.020007,0.021810,0.037047,0.011727,0.027993,-0.014549,-0.000038,0.005581,0.012305,-0.009712,0.014010,0.026249,0.002073,0.002009,-0.023940,0.011413,-0.010442,0.004014,-0.020489,0.002936,-0.022487,-0.001647,0.005195,0.008334,0.023400,0.007113,-0.003960,-0.005443,-0.000069,-0.002312,0.023678,-0.017029,-0.008522,-0.006034,-0.002165,0.005185,0.010023,-0.014131,0.001851,-0.008500,0.003914,-0.002560,0.006753,0.010624,0.000860,0.010598,0.003163,-0.008391,0.016688,0.007534,-0.016208,-0.007537,-0.009775,-0.018572,-0.017838,-0.010189,-0.001304,-0.010334,-0.001071,0.017769,0.000462,0.019095,0.008666,-0.007520,0.001634,-0.004306,0.019224,0.000837,-0.013884,-0.012959,0.007502,0.012790,-0.017313,-0.011322,0.000150,-0.004894,-0.017133,-0.007426,-0.009035,-0.005531,-0.000040,-0.004176,0.011621,-0.001481,-0.008771,-0.006699,0.002767,-0.003363,-0.011078,-0.011775,0.005293,-0.000157,0.008061,-0.002424,0.000749,0.002337,-0.004327,-0.004186,-0.003340,-0.001083,0.004930,-0.003764,0.004753,0.002849,-0.003712,-0.005376,-0.009056,0.007385,0.007003,0.001388,0.002323,-0.005562,-0.000301,-0.003679,0.001509,0.003409,-0.014270,-0.006043,0.004429,-0.011696,-0.004333,-0.003313,-0.003329,-0.009446,-0.003019,0.001175,0.002388,-0.004913,-0.004945,0.003079,-0.000685,0.003444,0.001189,0.009923,0.008956,-0.009451,0.003219,0.002019,0.001848,-0.004819,0.006828,0.005037,0.000024,0.004683,0.005979,-0.004742,-0.000923,-0.000371,0.003617,0.014128,-0.004284,-0.004367,-0.004544,0.011888,0.004218,0.002023,0.012453,-0.005665,-0.003338,0.004659,-0.006743,0.000510,0.003429,-0.002572,-0.011788,-0.002993,-0.001967,0.006070,-0.003872,0.003007,-0.001909,-0.005034,0.005525,0.001358,-0.007422,-0.005624,0.000096,0.004396,-0.002598,-0.003497,-0.004228,0.009205,0.003040,-0.003980,0.011219,-0.010522,-0.003581,-0.005832,-0.004371,-0.003023,0.008960,-0.002040,-0.005693,-0.004127,-0.003749,-0.003299,-0.004001,-0.003812,0.001975,-0.004326,0.001567,-0.002028,0.001903,-0.001877,0.007286,0.005962,0.003262,0.004614,0.001652,-0.003139,-0.004024,0.005269,0.004163,-0.003012,0.011075,0.000455,-0.002165,-0.001176,-0.004212,-0.007711,0.002092,0.002353,0.003720,-0.007557,0.010551,-0.004479,0.003984,0.005630,-0.001275,-0.006017,0.001398,-0.004172,0.001724,0.002718,0.003425,0.002613,-0.003367,-0.004348,0.001684,-0.002633,0.005685,-0.000273,-0.000061,0.003912,0.002749,0.003323,-0.002088,-0.001461,0.005402,0.002908,-0.003224,0.000865,0.003716,0.009536,-0.002211,-0.004704,-0.002224,0.005408,1.000000
-0.890824,-0.162609,-0.155894,0.194899,0.119151,0.097921,0.037223,0.044262,0.102701,-0.034519,-0.065229,-0.057397,-0.019493,-0.061781,0.009070,0.000835,-0.011367,-0.064700,-0.036224,-0.035701,-0.062350,0.082363,-0.050481,-0.037554,0.088314,0.073820,0.019406,-0.031107,0.032724,0.040910,0.001906,0.021550,0.035302,-0.046111,-0.006777,-0.013960,-0.049801,-0.008697,0.014823,0.021964,-0.011065,0.035685,-0.006066,-0.004550,0.024376,0.008940,0.014022,-0.010905,0.011235,0.019454,0.014259,-0.017239,-0.019980,-0.002867,-0.023788,-0.034268,-0.032746,-0.011569,0.012604,0.001080,-0.006714,-0.016879,-0.018307,0.006148,-0.026469,0.000084,-0.011435,0.009770,-0.007040,0.005040,-0.008035,0.004592,0.016826,-0.014466,0.011765,0.001171,-0.003493,-0.003520,0.007358,-0.024309,0.005006,0.007867,-0.007791,-0.001613,0.006561,0.025781,0.007139,0.011005,-0.000804,-0.012615,0.012214,-0.001490,0.006557,0.014466,-0.013303,-0.021138,-0.012546,-0.019646,-0.006658,0.009682,0.008892,0.018560,-0.021015,0.006772,0.004418,-0.004554,0.003106,-0.003808,0.000867,-0.014094,0.007591,0.013491,0.014289,-0.004243,0.000952,0.004931,0.001592,-0.006751,0.004238,0.014609,-0.004015,-0.001166,0.005698,-0.006015,0.003199,0.015254,-0.018305,-0.008633,-0.000331,-0.006263,-0.012574,0.004663,-0.003242,-0.004968,-0.005018,-0.012039,0.006161,0.002229,-0.003929,0.010078,-0.008177,-0.006088,0.001936,0.010445,0.005978,0.005845,-0.008707,0.009685,-0.015508,-0.009423,0.008636,-0.001140,-0.002764,-0.000417,-0.002149,-0.006057,0.006355,0.009936,-0.005317,-0.008914,0.007372,-0.016762,0.001515,-0.001970,0.002189,-0.007249,0.002310,-0.002807,0.004867,-0.006641,0.007466,0.007337,-0.003051,0.009501,-0.003639,0.003883,0.001637,0.003608,-0.009339,-0.001647,0.004150,0.002205,0.004867,-0.001059,-0.002691,0.001378,0.005729,0.003023,-0.001317,-0.007645,-0.007663,0.012085,0.001227,-0.005030,0.003368,0.008094,-0.000878,-0.005059,0.007985,-0.000568,0.000983,-0.002381,-0.001319,0.002753,0.001577,-0.014301,0.006837,0.001844,0.000508,0.000341,-0.006089,0.005739,0.006754,-0.001822,-0.003581,0.006767,-0.006531,0.005728,0.000864,-0.000531,0.003224,-0.005172,-0.006893,0.000934,-0.007415,-0.004040,-0.000460,-0.003461,-0.002256,-0.002331,0.000637,-0.000373,-0.001422,-0.000671,-0.004583,-0.005408,-0.007447,-0.001279,-0.006677,-0.000333,0.000725,0.001115,0.003735,-0.007051,-0.002954,-0.000081,0.012539,0.003392,-0.003398,0.002838,-0.001744,0.003467,-0.007983,0.000069,-0.004607,-0.006054,-0.000889,0.006681,0.001046,0.005359,0.004019,0.004789,0.005516,0.003976,0.006417,-0.002349,0.009750,-0.002729,-0.004718,0.005005,0.000887,-0.003433,0.002243,-0.007003,0.003236,0.001720,0.001214,0.002574,0.000267,0.002445,0.003166,0.001541,-0.003323,0.007938,0.003076,-0.003540,-0.004156,0.001779,0.005780,0.009269,0.001506,0.004901,0.003408,0.000400,0.003836,-0.001230,-0.002346,0.002451,-0.002327,0.002845,2.000000
-0.910969,-0.139313,0.142665,0.021711,0.179317,-0.059452,0.153511,-0.006600,0.042613,0.004114,-0.059757,-0.007518,0.022146,0.001340,-0.098963,0.023382,-0.052826,-0.044607,-0.037632,-0.065612,-0.080462,0.064687,0.025965,-0.000267,0.089091,0.064600,-0.029127,-0.027859,0.009202,0.017478,-0.010882,-0.021196,0.004126,-0.022500,-0.016618,-0.014539,-0.026096,-0.014159,0.017693,0.048014,-0.029072,0.019223,-0.010531,0.002553,0.016573,0.006871,-0.001206,-0.006933,-0.004095,0.002001,-0.001818,-0.017280,-0.003780,0.001161,0.007338,-0.000634,-0.027077,-0.002499,-0.003538,0.015251,-0.004735,-0.007159,0.002954,-0.004652,-0.008175,0.002805,-0.001279,-0.001115,0.022830,0.009965,0.020151,-0.007132,0.005267,-0.020526,0.012729,-0.001781,0.001658,-0.012202,0.021103,-0.010822,0.007359,0.007724,-0.003295,0.015322,0.008380,0.018557,0.009094,0.003695,-0.000900,-0.008312,-0.006730,0.020199,-0.012347,0.003744,-0.010027,0.008577,-0.003981,-0.014401,-0.003942,0.002928,-0.007112,0.016995,-0.001510,0.003635,0.003912,0.004811,0.003009,-0.003690,0.002953,0.000351,0.001627,-0.002308,-0.008960,-0.002059,-0.010965,-0.010893,-0.010335,0.003590,0.006060,-0.000286,-0.005432,-0.002637,-0.003989,-0.001767,-0.002439,-0.012297,-0.002040,-0.006669,-0.005173,-0.006657,-0.007604,-0.010142,0.008519,-0.002415,0.002409,-0.001550,-0.003304,-0.005969,-0.002172,0.004244,-0.007213,0.011547,0.003233,0.008977,0.005004,0.003061,0.001208,-0.003757,0.003066,0.001405,0.013644,-0.006368,0.003039,-0.008972,0.008173,-0.007250,-0.007996,0.007146,-0.008474,0.001213,0.008291,0.001193,0.001257,0.000066,-0.002633,-0.014645,0.006696,-0.006596,0.016095,-0.010432,0.011272,0.002679,0.006686,0.001417,-0.001448,0.006863,0.006477,-0.007723,0.000107,-0.005720,0.003010,0.004713,-0.005526,0.005191,0.002242,0.004952,-0.005183,-0.007476,-0.006125,0.002873,-0.001819,0.000642,-0.000390,0.000112,-0.001120,0.009955,0.000630,0.001349,0.005851,-0.002912,-0.004435,0.002228,-0.000816,0.001941,0.004497,-0.007343,0.003038,-0.000767,0.004032,-0.001592,0.001007,0.004166,0.009734,-0.002890,0.010155,0.004247,-0.003722,0.000720,0.007978,0.000611,-0.000162,-0.002963,-0.002509,0.003271,0.004218,-0.003996,0.009404,0.006021,-0.004352,-0.009808,0.000323,-0.000106,0.001053,0.004169,-0.000355,-0.005524,-0.008835,-0.002149,-0.004400,0.004657,-0.001068,0.004348,0.003394,-0.006532,0.002107,-0.000640,0.002407,0.002794,-0.003939,-0.000913,-0.001632,0.002955,-0.000566,0.007994,-0.000940,0.001875,0.001265,0.000023,0.002119,0.006645,-0.002366,-0.006588,0.000525,0.000178,0.004577,-0.012352,0.006648,-0.001929,-0.000801,-0.001846,-0.001461,-0.005757,-0.002670,-0.003292,0.001113,-0.000949,0.003410,0.000041,0.002989,-0.002867,-0.001553,-0.000044,-0.001630,-0.000290,0.001541,-0.000313,0.000358,-0.001905,0.003751,-0.003696,0.000134,0.001799,0.003818,0.000644,-0.001512,0.000465,0.000616,0.000422,-0.002579,0.001316,1.000000
-0.869359,-0.272587,-0.289493,0.099288,0.070585,-0.036894,0.100072,-0.055557,0.017342,-0.066761,-0.051781,0.027530,-0.009910,-0.027763,-0.049017,-0.006349,0.022671,0.005237,-0.007443,-0.036364,-0.068388,0.099656,-0.021636,-0.018861,0.094808,0.040024,0.009805,-0.003585,0.010984,0.014977,0.019713,-0.025733,0.036421,0.013385,0.001337,0.011415,-0.028697,-0.018671,0.027045,0.001640,0.003419,-0.005370,-0.001088,-0.022941,0.023594,-0.019979,0.002122,0.002410,-0.006838,0.002945,0.010301,-0.000665,-0.007897,0.011524,-0.000043,-0.002773,-0.009251,-0.000805,-0.028082,-0.005741,-0.021160,-0.004875,-0.005350,-0.001283,-0.013663,-0.003612,0.024850,-0.004917,0.006655,-0.006120,0.001240,-0.010022,-0.002975,0.009061,0.012378,0.010357,0.008879,0.004623,0.004571,0.000276,0.010240,0.014575,-0.004895,0.002527,0.000543,0.006794,0.009090,0.013156,-0.005112,-0.008450,0.009589,-0.002814,-0.008110,0.004606,-0.000678,-0.020075,-0.019485,-0.004078,-0.018155,-0.006010,-0.001723,0.007564,-0.000333,-0.002933,0.012745,-0.009744,0.013000,-0.007134,0.010038,-0.004941,0.006586,0.005034,0.010789,-0.000979,0.000196,0.008247,-0.019880,0.002403,0.004334,0.008762,0.003479,0.007168,0.005510,-0.001436,0.003871,-0.005975,-0.013344,-0.007256,0.002465,-0.005554,-0.005637,-0.005755,0.009799,-0.001984,0.000595,-0.006647,0.007950,-0.003051,-0.001356,-0.003348,-0.005356,0.005728,0.000474,-0.002679,0.001946,0.006175,-0.010147,-0.005443,-0.000402,0.010718,0.007129,0.000165,0.004653,0.003286,0.001040,-0.000362,0.005707,0.000408,-0.002891,-0.008705,-0.003896,0.006085,-0.002421,0.008867,-0.002142,-0.002709,0.006107,-0.010083,0.001335,0.003523,0.006846,-0.000370,-0.001157,0.002181,-0.001150,0.011100,0.002805,-0.002581,-0.005336,0.006621,0.006255,-0.008339,-0.001628,-0.000144,0.011279,0.005349,-0.002354,-0.003454,0.006323,0.000606,-0.000501,0.000324,0.001360,0.006722,0.002424,0.003160,0.000366,-0.004507,0.003152,-0.006101,0.000538,0.001973,-0.007225,0.006854,0.000014,-0.003565,-0.005634,0.000110,-0.000226,-0.002909,0.000065,0.005840,0.006807,0.001043,-0.006145,-0.000669,-0.000571,0.000342,0.003167,0.006201,0.001639,-0.008964,-0.004138,-0.001311,0.003083,-0.003692,0.002292,-0.005166,-0.005546,-0.003902,-0.000948,-0.000485,0.000863,-0.000682,-0.004760,-0.005681,-0.005967,0.004171,-0.008426,0.003866,0.004868,0.004354,-0.001949,0.000705,0.001993,-0.005723,0.002814,-0.000891,-0.004851,0.004426,0.000255,-0.004126,-0.003837,0.006731,-0.000059,0.003492,-0.000399,0.003207,-0.004184,0.002514,0.000493,-0.005455,0.002075,0.001671,0.002644,-0.005814,0.002945,-0.000364,0.002856,-0.000650,-0.004553,-0.003007,0.000209,-0.005384,0.003036,-0.000986,0.001824,-0.003140,-0.003365,0.006643,-0.000063,-0.005223,0.001755,0.001645,-0.000016,-0.006773,0.007841,0.000104,0.011080,0.003360,-0.000362,0.004429,0.007253,-0.000188,0.001773,-0.003042,-0.004445,0.005255,0.004461,0.006507,1.000000
-0.920767,-0.049911,-0.154535,0.132387,0.135054,0.087244,0.100479,0.039353,0.048136,0.025276,-0.026781,0.009141,-0.053093,-0.012285,0.026632,0.061203,-0.047297,-0.014618,-0.050162,-0.016113,-0.066982,0.100195,-0.040192,-0.015666,0.119591,0.027416,0.043824,-0.071420,-0.017546,-0.007179,-0.004099,-0.019016,0.025843,-0.010887,-0.024240,-0.003427,-0.023115,-0.008177,0.023851,0.007947,-0.032555,-0.003447,0.008558,0.013711,0.014731,-0.013703,0.018397,-0.011908,-0.005986,0.021494,-0.009020,-0.007906,0.012543,0.014491,-0.004987,-0.005301,-0.006628,0.006942,-0.011407,-0.005254,-0.009196,0.005613,-0.006109,-0.016063,-0.001034,0.002374,-0.001745,-0.009944,0.001848,-0.003148,0.000340,-0.018445,0.010747,-0.010668,-0.009401,-0.009786,-0.001625,-0.004433,0.012313,-0.002474,0.014227,0.011591,-0.006711,0.006503,0.010371,0.022247,0.027446,0.019859,0.009096,-0.003485,0.001294,0.004850,-0.007925,-0.007888,-0.010143,-0.016079,-0.010868,-0.019323,-0.010990,-0.011130,-0.004244,0.011053,-0.005295,-0.000520,-0.002811,-0.001750,0.005249,0.000965,0.002399,-0.001818,0.004110,-0.000404,0.005829,0.003198,-0.015350,-0.008777,-0.004888,-0.000749,0.005365,0.003080,-0.003469,0.007870,0.003594,0.000929,0.005205,-0.011223,-0.014341,-0.004535,-0.005884,-0.004592,-0.004661,-0.004285,0.009309,-0.005796,0.001747,0.002682,0.001242,-0.004767,-0.004178,-0.001734,-0.001765,0.004241,-0.002176,0.006380,0.001506,0.008565,0.001850,-0.004128,0.007820,0.002739,0.002659,-0.000638,0.000075,0.007988,0.005579,0.000777,-0.002771,0.004974,-0.006731,-0.006420,0.003660,-0.007685,-0.009092,0.003054,0.001320,-0.004284,0.010256,-0.000612,-0.002030,0.005434,0.005633,0.000291,0.001293,-0.001401,-0.001318,-0.000659,-0.001010,-0.000864,-0.006667,0.002031,0.001279,-0.003169,0.000678,0.001737,0.004657,0.002932,-0.009342,0.000717,-0.006676,0.000495,-0.001336,0.004270,-0.003831,0.005602,0.005707,0.000547,-0.002513,-0.001754,0.007643,0.000719,-0.001715,-0.003279,0.003824,0.004008,-0.001173,-0.009425,-0.003110,-0.005284,0.001016,-0.003272,0.002590,0.004842,0.003610,-0.001961,-0.000041,-0.003304,-0.005475,-0.001955,-0.002390,0.005216,-0.002865,-0.000999,-0.008410,-0.001182,0.000749,-0.000689,0.007414,0.003634,-0.001387,-0.008853,-0.001018,-0.002142,0.007322,0.004427,-0.002804,-0.009955,-0.006754,-0.003392,-0.004880,-0.003791,0.004280,0.002562,-0.001953,-0.002842,0.002551,-0.002166,0.008157,0.004173,0.000405,0.001499,-0.001962,-0.000216,0.003586,0.000522,0.001604,-0.003443,-0.000358,0.005760,-0.007448,-0.003083,0.000337,-0.000554,-0.003640,-0.004812,0.006008,-0.002589,0.003702,-0.003256,0.005147,0.004708,0.000635,0.001109,0.001922,-0.001236,0.000188,0.004708,0.002403,-0.007652,0.000680,0.000452,0.001777,0.000893,0.000823,0.003340,0.000349,-0.000744,-0.000027,-0.002630,0.000599,0.006434,0.001035,-0.000044,-0.000203,0.005451,0.002393,0.003013,-0.001425,-0.002223,0.000133,-0.001579,2.000000
-0.963635,0.064852,0.036838,0.079337,0.119603,0.055544,0.036466,-0.050539,0.030656,-0.045961,0.008639,-0.012285,-0.015627,-0.003790,-0.039589,0.036552,0.015463,0.011943,0.012521,-0.044112,-0.045507,0.064192,-0.037636,-0.027109,0.071272,0.020190,0.034642,-0.033674,-0.004335,0.010269,-0.004674,0.013411,0.025606,-0.037345,-0.013048,-0.020067,0.000506,-0.004633,0.019069,-0.004881,-0.005081,0.026187,0.005129,-0.002742,0.002838,-0.000087,0.017325,-0.007717,-0.011657,-0.000561,0.008047,-0.020777,0.011667,-0.005316,-0.005181,-0.006077,-0.005607,-0.008127,0.002437,0.011591,-0.014105,0.009607,-0.014962,-0.001563,-0.019732,0.018304,0.020433,0.006688,0.004028,-0.000497,0.005342,0.000704,0.009997,-0.002734,-0.004662,-0.001849,-0.003248,-0.006122,0.010569,0.010350,0.006012,0.006216,-0.000510,-0.004039,0.010029,0.022484,0.003561,0.004291,-0.000685,-0.016860,0.005804,0.004405,-0.010161,-0.004847,-0.006552,-0.019731,0.002728,-0.016003,-0.010142,-0.005545,-0.007024,0.006192,-0.002163,0.003421,-0.015998,-0.002315,0.000557,0.009473,0.010336,-0.001255,0.003252,0.003828,-0.000995,-0.000018,-0.002370,-0.004402,-0.008563,0.001123,0.003410,-0.005836,0.003036,-0.002560,-0.007669,0.008830,-0.002049,-0.002811,-0.006501,-0.008292,0.002404,0.001868,-0.007852,-0.004927,-0.001884,-0.003400,0.004306,-0.005351,-0.003739,-0.001081,-0.004857,0.003643,-0.008397,0.002373,0.004272,0.008990,0.002892,0.008160,-0.009140,-0.003834,0.004524,0.003274,0.006553,-0.001521,-0.003264,-0.000862,-0.007351,-0.000347,0.000884,0.002181,-0.003341,0.003972,0.001488,-0.005310,0.003175,-0.003871,-0.003822,-0.004003,0.009690,-0.002582,0.002027,-0.001258,-0.003481,-0.001261,-0.003791,0.000740,-0.002026,0.006460,0.003680,-0.005247,-0.004099,0.004227,-0.001620,-0.000724,0.003722,0.003052,-0.005484,-0.003374,-0.000196,-0.004813,-0.002411,-0.005436,-0.006107,-0.000227,0.001840,0.001484,0.001587,0.005518,-0.000116,-0.001273,0.004158,-0.008043,0.002326,-0.002661,-0.003497,0.001201,-0.000088,-0.005191,-0.006440,0.002724,-0.002193,-0.002573,-0.003235,0.001017,0.000309,-0.003536,-0.005152,0.004504,-0.005209,-0.001556,0.000669,0.003424,-0.000534,0.001197,-0.002374,0.004573,-0.000503,-0.004189,0.002579,0.001712,-0.002652,0.001435,-0.002666,0.001920,0.001058,0.003884,-0.004872,-0.005299,-0.003651,-0.003742,-0.002271,-0.002157,0.000065,0.002791,0.001729,-0.001517,-0.000368,0.001511,0.006107,0.000073,0.005413,-0.000339,-0.002346,0.000443,-0.000624,0.003496,0.001556,-0.006490,0.001814,0.001512,0.000280,0.004483,-0.001927,-0.004186,-0.005723,0.001147,-0.001851,-0.008268,0.006328,-0.005789,0.001847,0.004519,-0.005028,-0.005362,-0.008650,0.001382,-0.001429,0.002190,0.002759,-0.000436,-0.005334,0.001851,0.001549,-0.001468,-0.001932,0.002552,0.002440,0.000741,-0.000639,-0.000565,0.002131,-0.000581,0.000514,0.003552,0.002924,-0.001461,0.004054,-0.003205,-0.001124,0.000137,0.000580,0.003951,2.000000
-0.926412,0.169571,-0.107684,0.083099,0.115472,0.028771,0.127473,-0.064312,0.042969,-0.007771,-0.044209,-0.030187,0.061509,-0.057202,-0.039568,0.032847,-0.017686,-0.043814,0.013274,-0.036799,-0.078499,0.069408,-0.040413,-0.000100,0.063578,0.007039,0.019377,-0.016654,-0.009153,0.016175,0.002948,-0.009218,-0.010070,-0.021914,-0.045265,0.004330,-0.035012,0.011613,0.003217,0.023955,-0.034257,-0.000267,0.000882,0.002711,0.030994,-0.032546,0.012083,-0.015899,0.005435,0.002023,0.020832,-0.033072,0.023204,0.008291,-0.005405,0.014959,-0.004144,-0.002042,-0.012706,0.000564,-0.027886,-0.013891,-0.034675,-0.013516,0.010063,0.010869,-0.007857,-0.005897,-0.008914,-0.002399,0.000620,-0.021500,-0.001705,-0.028285,0.005434,-0.013616,0.006136,0.011758,0.015486,-0.006006,0.007005,0.015882,-0.004171,0.003771,0.014515,0.006351,-0.008804,0.013408,-0.001336,-0.026980,0.009449,0.000914,-0.025779,-0.004377,-0.002694,-0.026141,-0.000062,-0.002204,-0.007575,-0.009959,-0.010179,0.013817,-0.016020,0.007035,0.012644,-0.016340,-0.003763,-0.003186,0.010611,0.000740,0.012616,-0.002354,0.012791,-0.009356,-0.008613,-0.011412,-0.004805,-0.008376,0.002315,-0.002470,0.001137,-0.008485,0.004151,0.006280,0.003192,-0.004998,-0.006303,-0.011456,0.000581,-0.003954,-0.005053,-0.000166,0.009244,-0.001466,-0.002928,-0.006664,0.007561,-0.003731,-0.005415,-0.001390,-0.008082,0.008420,-0.003718,0.003830,-0.003079,0.002936,-0.002760,-0.003083,-0.000929,0.004235,0.004409,-0.003600,-0.006821,-0.012930,0.005374,-0.005884,0.002981,0.000621,-0.004557,-0.004601,-0.000974,-0.000577,0.001335,-0.002211,-0.004859,-0.007663,0.008361,-0.005938,-0.002576,0.006290,-0.003623,0.001164,-0.001337,0.005774,0.004341,0.005607,-0.002553,-0.002773,-0.006208,-0.001296,-0.003161,-0.006322,0.004739,-0.001951,-0.003356,0.004152,0.000631,-0.003241,-0.004031,-0.003001,-0.009580,0.005097,-0.004289,-0.001793,0.001593,-0.001577,0.000516,-0.003248,0.006253,-0.002382,-0.008703,0.000120,-0.002462,0.004067,0.002277,-0.005918,0.003478,0.004053,0.001296,0.002408,-0.004587,0.001811,0.004216,0.006426,0.007791,0.001760,0.000906,-0.007510,0.001639,0.007190,0.003740,-0.004921,-0.006987,0.002046,-0.001572,-0.004071,0.004223,0.009650,-0.001197,-0.002951,-0.008746,0.000157,-0.006474,-0.002102,-0.000681,-0.004582,-0.004818,-0.005256,-0.005635,0.006762,0.001857,-0.002399,0.001703,0.000152,0.001746,-0.002682,0.008655,0.002422,-0.000301,0.003662,0.000322,-0.000750,-0.003139,0.000805,-0.002670,-0.001567,0.002153,-0.004082,0.001185,0.003449,-0.004989,-0.000443,-0.001810,0.002929,-0.000281,-0.001538,0.006177,-0.000295,0.008303,0.003298,0.000594,-0.002332,-0.000883,-0.001387,0.003688,-0.000129,0.003207,-0.000991,0.001123,0.000127,0.001038,-0.000330,-0.000628,-0.001314,-0.002607,0.001564,-0.000650,0.004365,-0.002010,-0.000867,0.005013,0.002847,0.002795,0.000813,-0.001486,-0.001686,-0.004748,0.000470,0.002553,-0.000260,2.000000
-0.886535,-0.095938,-0.121275,0.154626,0.059079,0.122586,0.116374,-0.052024,0.035758,0.013077,-0.002476,-0.057542,-0.096232,-0.055517,-0.090663,0.000288,-0.029481,-0.098656,-0.041851,-0.046072,-0.086634,0.151774,-0.043899,-0.016317,0.113400,0.078311,0.043051,-0.018802,0.006130,0.019433,0.006984,-0.036514,0.010607,-0.033246,-0.028411,-0.005959,-0.057235,-0.007483,0.004196,0.024102,-0.019446,0.010419,0.016719,0.012762,0.029701,-0.017277,-0.006127,0.011466,-0.006707,-0.005716,0.018660,-0.045185,0.007198,0.004643,-0.008547,-0.018149,-0.029447,0.013799,-0.032580,0.001278,-0.023805,-0.014549,-0.033117,-0.022154,-0.002014,0.006901,0.008577,0.008734,0.019608,-0.011520,0.001809,-0.008602,0.039523,-0.028419,0.020611,0.005613,-0.024393,-0.000911,0.008832,0.013383,-0.000875,-0.003654,-0.015139,-0.016846,0.010591,0.022334,0.033413,0.011258,-0.000103,-0.010112,0.007322,0.019803,-0.014785,0.008112,-0.009029,-0.013482,-0.013509,-0.015416,-0.008316,-0.011909,-0.012738,0.007217,0.002921,0.000415,-0.014499,-0.004857,0.009473,0.016781,0.006092,-0.010505,0.005949,-0.016437,0.019871,0.009196,0.004162,-0.008862,-0.011162,-0.008819,-0.001714,0.013312,-0.008120,-0.006897,-0.015083,-0.002237,-0.005934,-0.015251,-0.021505,-0.016451,-0.005527,-0.004132,-0.009507,-0.018788,0.007905,-0.002511,-0.001722,-0.004083,-0.001253,-0.010410,-0.006940,-0.013056,0.000594,-0.003071,0.000343,0.001060,0.003582,0.011358,-0.001254,-0.010482,0.008846,0.014255,0.015712,-0.011045,0.006786,-0.000602,0.010017,-0.002953,-0.006558,0.009315,0.004483,0.003689,-0.008397,-0.007653,-0.003552,-0.007199,0.008045,-0.014118,0.007898,-0.001101,-0.001693,0.003941,0.000996,0.011280,0.012255,-0.007059,0.002082,0.013215,0.000677,0.001047,-0.007806,-0.006519,-0.004453,-0.008281,0.003315,-0.000642,0.005524,0.000256,0.008087,-0.004586,-0.008490,-0.001270,-0.008536,0.014423,0.007868,0.001666,0.007183,-0.000938,-0.003958,0.004037,0.007637,0.008305,0.007466,-0.001031,-0.003424,0.010775,0.003512,-0.006812,0.005968,-0.001445,0.008217,0.002558,-0.005913,0.001049,0.001353,-0.000874,-0.000320,0.000965,-0.004890,0.004908,-0.002582,0.007345,0.010980,-0.013948,-0.005829,0.002553,0.000976,0.001339,0.011420,0.005831,0.001535,-0.001090,-0.007460,0.008016,0.007607,-0.009329,-0.000980,-0.006638,-0.004594,-0.005552,-0.010328,-0.013213,0.000166,0.007364,-0.002208,-0.010172,-0.004254,-0.005476,0.004428,0.000297,0.004979,0.003598,0.008776,0.002556,-0.011856,-0.002516,-0.000664,-0.005517,-0.005659,0.003030,0.003978,-0.002991,0.005134,-0.007200,-0.003633,0.015908,0.006447,-0.008884,-0.003057,0.002167,0.013626,0.006072,-0.000373,0.004336,0.002419,-0.010472,0.009606,-0.004104,0.004024,-0.000114,-0.011506,0.010662,-0.009755,-0.000849,0.003111,0.005503,0.004482,0.001490,-0.004190,-0.001979,-0.003021,-0.007175,0.000737,-0.001455,-0.002090,0.000967,-0.002928,-0.005156,0.004026,0.009194,0.007679,-0.001922,1.000000
-0.936492,-0.053151,0.056274,-0.066377,0.090382,0.112600,0.164733,-0.010315,0.008075,-0.062683,-0.094771,-0.001951,0.015510,-0.086026,0.002291,-0.011355,0.002123,-0.035516,-0.043327,-0.032862,-0.018297,0.091058,-0.034180,-0.026822,0.063064,0.028696,0.020938,-0.055164,0.011838,0.036699,-0.002292,-0.008913,0.009322,-0.022405,-0.032430,0.015403,-0.043468,-0.021429,0.003741,-0.003231,-0.036869,0.001423,0.016915,0.003210,0.032389,-0.022961,0.006607,-0.002456,-0.014294,0.002497,-0.027062,-0.018041,0.017512,0.017807,0.000215,-0.003698,-0.016480,-0.000758,-0.021657,0.008299,-0.020611,-0.009616,-0.032433,0.004486,-0.000460,-0.008482,0.010196,-0.003861,0.007744,0.012499,0.013560,0.012743,0.014116,-0.002683,0.005158,0.002202,0.006874,0.001514,-0.000523,-0.002234,0.003689,0.000119,-0.003798,-0.000609,0.010881,0.016083,0.004116,0.007250,-0.014938,-0.007784,-0.009133,0.002427,-0.001087,-0.004025,-0.010905,-0.013690,-0.012472,-0.015541,-0.003317,0.002680,-0.002823,0.007905,0.000455,0.013446,-0.005798,0.003437,0.012100,0.003677,-0.004089,-0.008054,-0.005365,-0.009019,-0.002181,-0.004410,-0.001656,0.002551,-0.007666,-0.011070,-0.002212,0.007707,-0.010230,0.007131,-0.011084,0.005028,0.006430,-0.009345,-0.010490,-0.001918,-0.002789,0.007430,-0.002650,0.002450,0.009613,-0.007172,-0.000095,-0.004221,0.003765,0.002222,0.001293,0.002122,0.000127,0.011890,0.007252,-0.000226,-0.006759,0.000597,0.008877,0.000059,-0.000546,0.002562,0.015567,-0.001015,0.010070,-0.003782,-0.003759,-0.001022,0.004990,0.002932,0.000443,0.000047,-0.005743,0.000116,-0.002241,-0.001191,-0.000394,-0.004622,0.000665,0.004037,0.002822,-0.000385,-0.002095,0.006203,-0.002873,0.001659,-0.013229,-0.000936,-0.002295,0.001248,-0.009262,-0.000333,0.004023,0.001105,-0.006036,0.006051,-0.002875,0.001091,0.000104,-0.004844,-0.000507,-0.002714,-0.007869,0.001049,-0.007305,0.002509,-0.000814,0.010429,-0.007258,-0.000178,0.000735,-0.000291,0.003602,0.002274,-0.005558,0.009078,-0.003906,-0.001410,-0.003533,0.001118,0.002955,0.006958,0.000913,-0.001019,0.003911,0.007168,0.000537,-0.001490,0.002247,-0.004962,-0.001832,0.004343,0.004428,-0.005641,-0.008970,-0.001642,-0.001683,-0.001161,0.005455,0.000441,-0.004566,-0.008821,0.000956,-0.002513,-0.001698,-0.002228,-0.001458,-0.003305,0.001338,0.000082,-0.005585,0.002192,0.003823,0.000705,-0.000454,-0.006458,-0.004134,-0.004149,0.007037,0.002068,0.001439,0.003986,0.002012,-0.002538,-0.004457,0.000744,0.002584,-0.008629,0.000950,-0.001814,-0.001680,0.000565,-0.000728,-0.001670,-0.001626,-0.001023,-0.000432,-0.009278,0.002911,-0.005867,0.001806,0.001445,0.000769,-0.003668,-0.003149,-0.000914,-0.000206,0.001392,0.000091,-0.002747,0.000222,0.000664,0.002225,-0.001935,-0.005640,0.004932,0.000953,0.004231,0.006338,0.002237,0.002279,-0.001898,0.001862,0.000843,-0.004299,0.003330,0.000951,-0.002240,-0.001329,-0.003210,-0.002357,0.007069,2.000000
-0.936101,-0.031805,0.068098,-0.030774,0.146253,0.097655,0.109708,-0.019405,0.008772,0.035052,-0.082989,0.014851,0.007054,-0.058457,-0.027129,0.013002,-0.045526,-0.062494,-0.067062,-0.011885,-0.053336,0.117232,-0.024234,-0.037774,0.068500,0.058209,-0.016835,0.005669,-0.017224,0.012725,0.051792,0.002407,0.019287,-0.032236,0.003480,0.000991,-0.008512,0.015758,-0.009090,-0.001863,-0.017966,0.017185,0.001128,-0.017148,0.042022,-0.009252,0.022657,-0.005588,0.003086,0.002335,0.001504,-0.012081,0.008176,0.023703,-0.001845,0.021723,0.005493,-0.012737,-0.001281,0.018881,0.002351,-0.002638,-0.012044,0.000600,-0.033944,0.018959,0.023722,0.005239,0.012687,0.028835,0.004849,0.004884,0.005857,-0.019177,-0.009129,-0.010860,-0.010730,0.012014,0.008526,0.005018,0.006129,0.002975,-0.003430,-0.008222,0.011926,0.012565,0.006417,0.006666,0.001057,-0.013598,0.008960,0.004700,-0.012422,0.001107,0.000381,-0.013323,-0.018899,-0.006788,-0.008188,-0.006892,0.009980,0.005299,-0.010209,-0.001126,-0.019269,-0.000494,-0.003736,-0.004397,-0.004059,-0.005230,0.009721,0.002853,0.002341,-0.003148,-0.019777,0.008962,-0.009197,0.014597,-0.001865,0.009494,-0.001758,-0.005492,-0.010656,0.005301,-0.001350,-0.005489,-0.010465,-0.013665,-0.005414,0.001056,-0.010012,-0.018617,0.008088,-0.000186,-0.001846,-0.012366,0.011037,0.005677,0.000966,-0.009863,-0.006843,0.001745,-0.002023,-0.002711,0.009843,-0.008613,-0.006123,-0.014602,0.002221,0.009123,0.000778,-0.003186,-0.008306,-0.010247,0.002316,-0.003026,-0.000610,0.002640,-0.005112,0.006110,-0.000460,-0.009362,-0.012209,-0.000156,-0.011953,0.002311,-0.004413,0.002697,0.000228,0.004449,0.004751,0.001105,0.005252,0.004713,-0.006704,0.008515,-0.004996,-0.000812,-0.000965,0.005143,-0.005418,-0.004153,0.001464,-0.000939,0.002310,0.010411,0.003419,-0.000014,0.006620,-0.004666,-0.009791,-0.007781,-0.000949,-0.008462,0.005407,0.000824,0.001252,-0.007624,0.004021,0.003949,-0.003120,-0.001433,-0.004981,0.006051,0.006087,0.006378,-0.006425,0.005522,-0.004628,0.011048,-0.002178,0.008311,0.004194,-0.002757,0.003857,0.008617,0.004739,-0.003740,0.000884,-0.003145,0.000271,-0.012036,-0.003112,-0.001074,-0.007065,-0.000382,0.003857,0.001670,-0.003931,-0.013350,-0.000497,0.006081,0.005930,0.005483,-0.004157,0.001054,-0.001494,0.006270,0.004017,-0.002450,-0.005588,-0.002314,-0.005770,-0.004425,0.005123,-0.001314,0.004538,-0.006495,0.003312,0.002877,-0.000641,-0.001520,0.000626,-0.003595,-0.003722,-0.002170,0.005950,0.001966,-0.000504,0.000496,0.006221,-0.005827,-0.002592,0.008451,0.002117,0.000985,0.006410,0.001580,0.002978,0.002058,0.003992,0.002368,-0.003134,-0.008283,0.000099,0.004167,0.002534,-0.004539,0.006870,0.003810,-0.005538,-0.000510,-0.004428,0.003951,0.000921,0.001634,0.002701,0.007434,-0.000716,-0.001923,0.003893,-0.002676,0.000561,0.001783,0.000007,0.001459,-0.007297,-0.002517,-0.002825,0.003223,2.000000
-0.888347,-0.126243,-0.310918,-0.127902,0.093332,0.062018,0.087073,-0.023626,0.057491,-0.020067,-0.073478,-0.022742,-0.010707,-0.011009,-0.051405,0.013017,-0.017308,-0.006197,-0.022365,-0.033511,-0.026806,0.071565,-0.074766,-0.080845,0.058674,0.036968,0.038713,-0.009959,0.011120,-0.002101,0.005837,-0.005485,0.006012,-0.010126,-0.047534,0.001046,-0.028553,-0.034672,-0.000352,0.027270,-0.031301,0.007260,-0.004381,-0.006378,0.028954,-0.017799,0.027184,-0.011428,-0.004172,0.012582,0.023653,-0.010505,0.006352,0.006769,0.004871,-0.016073,-0.011436,0.005756,-0.008263,0.005756,0.005143,0.007115,-0.002456,0.013553,-0.006140,0.012821,-0.004319,-0.011180,-0.006526,-0.007120,0.011249,-0.009788,0.018351,-0.020493,-0.007919,-0.011208,-0.001721,-0.003728,0.009745,-0.007332,0.005116,0.001562,0.019890,0.010368,0.013635,0.010998,-0.007374,0.013825,-0.003054,-0.015377,0.008279,0.009366,-0.010318,0.007894,-0.006788,-0.010212,0.001471,-0.020304,-0.004448,-0.004322,-0.014077,0.019339,0.008643,-0.005829,0.002980,0.001571,-0.003166,-0.001846,0.004067,0.009215,0.022066,-0.014394,0.009359,0.000258,-0.011421,-0.000859,-0.007207,-0.002052,0.001855,0.011239,0.000502,0.009835,-0.004553,0.005168,-0.005306,-0.004556,-0.008512,-0.008089,-0.000052,-0.003793,-0.021947,-0.006509,0.006398,-0.008882,0.003677,-0.000484,0.004040,0.008074,-0.002310,-0.001123,-0.011095,-0.002917,0.002703,0.005663,-0.006886,-0.000156,-0.001395,-0.012245,0.002425,0.008946,0.019118,-0.002124,0.000712,0.000085,-0.001887,0.000310,0.003838,-0.001353,0.005872,0.003567,-0.002107,-0.009284,0.000202,-0.008595,-0.004823,0.004585,0.007342,-0.003952,0.005549,-0.005572,0.007410,-0.000223,0.006611,0.000983,-0.009130,0.019719,0.002925,-0.004610,-0.006224,-0.001906,-0.004801,0.003247,-0.004454,0.001520,0.004964,0.004685,-0.007143,0.001833,-0.003506,-0.002118,-0.007000,0.010628,0.014405,-0.000660,-0.004397,0.001716,-0.005621,-0.008738,0.006192,-0.014937,0.003008,-0.004952,-0.003014,0.010786,0.001831,-0.008514,-0.000676,0.000360,-0.004573,-0.004238,0.000770,0.002372,-0.004549,0.000149,-0.000061,-0.003427,-0.006543,-0.006253,-0.000298,0.000731,-0.007503,0.002334,-0.005795,0.000318,-0.000220,-0.001788,-0.000526,0.006164,-0.004726,-0.011954,0.006489,-0.005098,0.003103,0.000897,-0.005387,-0.005314,-0.006698,0.003036,-0.014411,-0.004948,-0.002867,0.006153,-0.007534,-0.004970,-0.003442,0.001463,0.000191,0.001694,0.002774,0.001692,-0.000824,0.006520,-0.006098,0.002888,0.003442,-0.001501,0.000106,0.003042,-0.002941,0.000155,0.003373,-0.005154,-0.006616,0.001375,0.003720,-0.003922,0.000259,-0.009100,0.001974,0.004245,0.009277,-0.000944,-0.007241,-0.000584,0.004122,0.001758,-0.000904,-0.004928,-0.001674,-0.000016,-0.003255,-0.001759,-0.006067,0.004834,-0.004806,-0.003241,0.004496,0.006366,0.001802,0.002913,0.001190,-0.001750,0.004173,-0.000882,-0.005428,0.003379,0.004946,0.000975,-0.005393,0.003950,2.000000
-0.905426,-0.083490,-0.132437,0.131099,0.146397,0.084631,0.131329,0.035476,0.021684,-0.046286,-0.047764,-0.060442,0.012235,-0.072158,-0.077449,0.080278,0.038877,0.020990,-0.010953,-0.004196,-0.059589,0.109733,-0.037107,-0.059252,0.097196,0.080637,-0.003680,-0.030637,0.012253,-0.001910,0.007718,0.013266,0.029296,-0.015084,-0.017302,-0.002292,-0.026027,-0.018400,-0.010731,0.005846,-0.032259,0.036299,0.011345,0.006642,-0.001926,-0.023118,0.032109,0.003505,0.010920,0.025352,-0.001178,-0.005543,0.005525,0.041294,-0.016477,-0.003069,-0.017782,0.011550,-0.026687,0.030536,-0.009567,-0.010243,-0.012624,0.012093,0.006390,0.007615,0.006655,-0.017930,-0.001484,0.004741,-0.002711,-0.006740,0.004867,-0.020685,-0.002266,0.015931,-0.002601,0.002934,-0.002052,0.001748,0.001431,0.014226,-0.008920,-0.006815,0.024850,0.013763,0.015234,0.024074,0.003842,-0.013892,0.008271,0.011069,-0.008051,-0.009373,-0.004522,-0.012946,-0.006597,-0.008392,-0.018527,0.001189,0.007678,0.017408,-0.002259,-0.002387,-0.007290,0.003931,0.002614,0.002713,0.014489,-0.005183,0.005515,0.000551,0.005679,-0.013627,0.003494,-0.014291,0.006159,-0.002932,-0.005092,0.003183,-0.011144,-0.003091,-0.004455,-0.009802,0.003120,-0.016108,-0.008965,-0.011253,-0.002838,-0.009203,0.000188,-0.000451,-0.010964,-0.000780,0.001205,0.010613,-0.001832,0.007664,0.000675,0.010514,-0.019824,0.003044,0.001510,0.010031,0.003044,0.003804,0.000727,0.004504,-0.001681,0.016974,-0.002581,-0.002387,-0.001432,0.003616,-0.004695,0.001659,-0.009475,-0.015703,-0.016664,0.002058,0.005286,-0.002551,0.002362,-0.003589,-0.011296,-0.001433,-0.000279,0.004118,0.001390,-0.007345,-0.004178,0.004335,0.001375,0.000061,0.000440,0.014652,0.002858,-0.007127,0.001133,0.004135,0.000214,-0.002269,-0.003853,0.008170,0.003565,0.009033,0.006876,0.000883,-0.001031,-0.002832,-0.005723,0.004114,0.005295,0.005054,0.010850,-0.001633,-0.002031,0.005947,0.008457,-0.009008,-0.002601,-0.004340,0.012428,0.003126,-0.013407,-0.007261,0.001128,0.003617,0.007537,0.009785,-0.004731,-0.003239,0.013494,0.009862,-0.002916,-0.008764,-0.002051,-0.004680,0.008723,0.001658,0.010565,-0.015421,-0.005772,-0.009338,-0.000072,-0.002511,0.002996,0.002400,-0.009340,-0.009314,0.001101,-0.003456,0.006562,0.002791,-0.006699,-0.008694,-0.002887,-0.001215,-0.014375,-0.004275,0.006366,0.002986,0.003065,0.002601,-0.006829,-0.002933,0.011952,0.006098,-0.005213,0.004386,-0.000602,-0.000614,-0.000480,0.004323,-0.000367,0.000017,0.004327,0.009472,-0.008524,0.009066,0.002184,-0.004316,-0.002131,0.001206,0.003728,-0.004172,0.006043,-0.005030,0.006561,0.001086,0.002794,-0.000878,0.006157,-0.005031,-0.002925,0.001639,-0.002462,-0.006163,-0.006162,0.000308,0.000069,-0.004028,-0.001228,-0.005245,-0.000231,-0.004723,-0.002991,0.000914,-0.002203,-0.005224,0.010897,0.008189,-0.000869,-0.001345,0.004598,0.003058,0.003836,-0.000357,-0.001370,-0.000099,1.000000
-0.887612,-0.124642,-0.336155,0.115084,0.018852,0.053620,0.075172,-0.042209,0.007256,0.013127,-0.012487,-0.051211,-0.044096,-0.032396,-0.040071,-0.004137,0.016027,-0.064251,-0.032918,-0.061602,-0.057435,0.110202,-0.015746,-0.020470,0.062326,0.069368,-0.003050,-0.015311,0.000976,0.005908,-0.017598,-0.005440,0.012484,-0.019285,-0.034847,0.006896,-0.021112,0.016071,0.001248,-0.012767,-0.016721,0.006385,0.006491,0.013337,0.023314,-0.030178,0.022270,0.014661,0.013896,-0.006338,0.016475,-0.018870,-0.007470,0.003330,0.003237,-0.016601,-0.019896,0.010966,-0.022949,0.012988,-0.026568,0.001988,-0.017686,-0.003317,-0.005480,0.010726,-0.006016,-0.003667,0.010791,-0.005197,0.013056,0.004291,0.007164,-0.020749,0.002599,-0.000170,-0.006543,-0.007279,0.014418,0.009106,0.007660,0.001222,0.000973,-0.000272,0.000063,0.022494,0.015470,0.007039,-0.001542,-0.017288,0.005835,0.004889,-0.007936,-0.002311,-0.012584,-0.008363,-0.010020,-0.018415,0.003726,-0.015032,-0.003861,0.016659,-0.007372,-0.000100,-0.001876,-0.001879,0.003131,-0.015253,0.013982,-0.006886,0.009323,-0.006056,0.006423,0.006198,-0.008146,0.002515,-0.003252,0.000112,-0.003748,0.004739,-0.006415,-0.003383,-0.003763,0.004629,-0.002731,0.000015,-0.002719,-0.008181,-0.009729,-0.003038,-0.006767,-0.010817,0.000260,0.002423,0.001478,-0.003667,0.004657,0.006045,-0.000910,-0.005482,-0.001671,-0.003574,0.012126,0.008295,0.007432,0.007438,-0.002508,-0.002044,0.001140,0.000353,0.011956,-0.008164,0.000413,-0.002368,0.005872,-0.001716,-0.006275,-0.001018,-0.007281,-0.003002,0.001035,-0.001497,0.004154,0.000176,-0.010901,-0.002813,0.010219,0.002494,-0.001809,-0.007202,0.002676,0.007634,0.002592,0.005253,0.001953,0.012831,0.008106,-0.012059,-0.006679,0.003372,0.005850,-0.002227,0.000633,0.013670,0.005767,-0.000487,-0.002063,-0.001831,0.002896,-0.002932,-0.001295,0.007755,-0.001101,0.000327,-0.003351,0.010243,0.001072,0.006401,0.007272,-0.000461,0.000600,0.001255,0.002457,0.005708,-0.000539,-0.002853,-0.001679,-0.000374,0.000563,0.008259,-0.002968,0.002258,-0.000262,-0.000667,0.003004,-0.004822,-0.003708,-0.003751,-0.002570,0.004753,-0.000773,-0.006706,-0.007429,0.000718,0.001009,-0.000581,0.003500,0.002223,-0.007469,-0.004419,0.000763,-0.003924,-0.001201,0.002217,-0.006495,-0.009593,0.001261,-0.000203,-0.008818,0.000839,0.001322,0.000649,0.001579,-0.006109,0.004209,0.002548,0.005368,0.001225,0.000729,-0.000411,-0.000749,-0.001528,-0.001537,0.001743,0.002610,-0.002072,-0.003671,0.003952,0.000669,-0.000208,0.003432,-0.004720,0.000085,-0.000637,0.003457,-0.008006,0.001580,-0.004238,0.003214,0.004393,-0.001542,-0.003711,-0.000905,-0.000902,0.000228,-0.000425,0.003607,-0.002263,0.003609,0.002044,-0.000167,0.002438,0.000713,0.002605,0.006247,-0.000323,-0.000036,0.003967,0.001546,-0.000288,0.003746,0.003844,0.004199,-0.000898,-0.000567,0.001856,0.000239,0.001930,-0.002283,0.001827,1.000000
-0.964466,-0.073312,-0.108389,0.052111,0.018916,0.079219,0.079278,-0.043753,0.028199,-0.005832,0.017181,0.034935,0.043340,0.028796,-0.014120,-0.007930,0.011095,-0.040390,0.013624,-0.015734,-0.063756,0.038440,0.005958,-0.020867,0.044954,0.062379,0.028495,-0.017136,0.006544,0.016682,0.003223,0.020734,0.000864,-0.004709,0.011187,0.013194,-0.040531,-0.000480,0.017471,0.002174,-0.033348,0.011250,0.005889,-0.016013,-0.003361,-0.017240,0.025639,-0.014416,-0.007022,0.009456,0.011153,-0.010243,0.001273,0.022784,0.009991,0.000635,-0.016075,0.009714,-0.002298,0.009420,-0.006966,0.004190,-0.005139,-0.006687,-0.000525,0.007395,0.015291,-0.003429,0.007075,0.001402,0.010464,-0.012842,0.008695,-0.016646,0.003645,-0.003835,-0.014054,0.010404,0.012289,0.011034,0.011684,-0.000299,-0.008112,0.001061,-0.001900,0.006032,0.003144,0.001797,0.003591,-0.014269,-0.003935,0.004475,-0.012739,-0.012693,-0.007490,-0.005781,-0.013728,-0.021632,-0.008276,0.000050,0.001923,0.009226,-0.002685,0.005804,-0.004168,-0.004714,0.010490,-0.008580,0.005674,-0.006854,0.007967,0.002848,-0.001615,-0.000786,-0.011153,-0.010852,-0.000075,-0.010645,-0.010500,0.005047,0.001352,-0.002434,0.002030,-0.005875,-0.002908,-0.004583,-0.009547,-0.005766,0.004223,-0.008819,-0.006948,-0.008015,0.005989,0.005764,0.002672,0.002898,0.006763,-0.000642,-0.010008,0.001859,-0.000882,0.003891,0.006403,0.006295,0.004224,0.003416,-0.002684,-0.002043,-0.005261,0.005480,-0.001943,-0.001331,0.007739,-0.002744,-0.000211,0.000263,0.001849,0.009068,-0.010703,-0.002061,0.001572,-0.004245,0.000529,0.001141,-0.004734,-0.004427,0.010578,-0.004890,0.003618,-0.005606,0.000465,-0.000704,-0.002676,0.004633,-0.004413,0.004072,0.005275,-0.000310,-0.002412,-0.003530,0.002587,-0.004357,-0.008151,0.005815,0.003865,0.005876,0.005166,-0.000861,0.002300,-0.004325,-0.001512,0.001456,-0.000570,-0.002846,0.004613,0.000933,-0.006693,-0.003748,0.003825,-0.005310,0.000765,-0.001585,0.000076,0.007936,-0.001042,-0.006822,-0.004107,-0.002759,-0.006455,-0.001369,0.004961,-0.000602,0.003630,-0.000035,-0.002348,-0.003821,0.001464,-0.007029,-0.006271,0.006197,0.001575,0.001200,-0.002568,-0.001078,-0.002698,0.000147,-0.001054,0.003829,0.004614,-0.006014,-0.001476,-0.002240,-0.001068,-0.003187,-0.002745,-0.000474,0.000926,0.002042,-0.008878,-0.004593,0.000418,0.000620,0.003563,-0.003233,0.003716,-0.005736,0.002975,0.001771,-0.001238,-0.002380,0.000482,-0.000193,-0.000778,-0.000730,-0.004481,-0.009874,0.002691,0.000751,0.001067,0.002240,0.003400,-0.000765,-0.003838,0.000066,0.002309,-0.008388,0.007742,-0.002260,0.002684,-0.000626,0.001780,0.000869,-0.000291,-0.002465,-0.000009,-0.000524,0.005043,-0.003577,-0.003248,0.001198,-0.006523,-0.004424,-0.001284,0.003822,0.000323,0.001164,-0.001398,-0.000369,0.005041,-0.000339,-0.002197,0.000961,0.001531,0.001493,0.000938,0.004385,0.003082,0.003350,-0.003209,0.001513,1.000000
-0.945824,-0.075948,0.131389,0.113223,0.067405,0.060579,0.078342,0.041165,-0.039663,-0.061118,-0.059044,0.011207,0.047942,0.001910,-0.053153,0.032886,-0.013211,-0.035155,0.019059,-0.031161,-0.017406,0.084045,-0.054070,-0.040670,0.078018,0.056833,0.032038,-0.009953,-0.008190,0.018811,0.026658,0.006492,0.008632,-0.000243,-0.036250,0.004623,-0.013842,-0.015768,0.000912,0.002745,-0.006922,-0.008104,0.015389,0.004338,0.025886,0.013445,0.005591,0.009759,0.012448,0.002918,-0.002640,-0.012227,0.007172,0.011803,-0.012937,0.006088,-0.005782,0.005432,-0.012640,0.021046,-0.002145,0.010107,-0.013723,-0.007406,0.009734,0.011087,0.006204,-0.013634,0.008865,-0.012627,0.007198,-0.005874,0.013303,-0.018177,0.002534,-0.002480,-0.005175,-0.006656,0.008200,0.005373,0.001802,0.001614,-0.001611,-0.007775,0.007655,0.001377,0.010557,0.001619,-0.004660,-0.002011,0.010410,0.007316,0.002019,0.006490,-0.005050,-0.005562,-0.011430,-0.000986,-0.010743,-0.011942,0.000895,0.016592,0.000926,0.008856,-0.003243,-0.018941,-0.004468,0.003163,0.001327,0.001780,0.011760,-0.003719,-0.004226,0.002926,-0.013825,-0.001475,-0.002563,-0.008238,-0.001893,0.021583,-0.004339,0.003225,0.007626,-0.003879,-0.008977,0.003463,-0.011535,-0.007735,-0.000743,0.001360,-0.004456,-0.005120,0.009102,-0.004267,0.001936,0.001252,0.002340,0.003852,-0.001527,0.003402,-0.003636,0.003900,-0.000311,0.005127,-0.003670,0.010446,-0.004854,0.000636,-0.002246,-0.002668,0.005409,-0.005328,0.000047,-0.001191,0.006028,-0.005518,-0.000275,-0.003503,-0.013124,0.000084,-0.003216,0.000918,-0.004336,-0.003985,-0.004646,-0.008588,0.001398,-0.002053,-0.003479,-0.008564,0.004084,-0.003626,-0.000517,0.004036,-0.004761,0.008650,0.004558,-0.005580,-0.000737,-0.001166,-0.000067,0.002548,0.002564,0.006119,0.001287,0.001469,-0.000063,0.001606,-0.013196,-0.001113,-0.008205,0.006044,-0.000455,-0.001154,0.003727,0.005856,-0.003450,-0.001829,0.003460,-0.001228,0.002253,-0.005648,0.000601,0.007658,0.003507,0.000970,-0.003179,0.002007,-0.002904,-0.006266,-0.000126,0.008528,0.002702,-0.007874,0.001100,0.002500,-0.001525,-0.006484,-0.000965,0.000898,0.002924,-0.003027,-0.004732,0.000431,0.002268,-0.000120,-0.001232,0.006636,-0.009110,0.000274,-0.002540,-0.000048,0.001779,0.000086,-0.005749,0.000310,-0.001569,-0.000969,-0.002903,-0.000016,0.002563,0.002937,-0.005714,-0.001996,0.002849,-0.002574,0.003948,0.004447,0.001868,-0.002399,0.000973,-0.001943,-0.001856,0.008243,-0.002732,-0.000507,0.001937,0.004053,0.002011,0.002629,0.002656,-0.002804,-0.000302,-0.000722,0.001092,-0.001615,0.001554,-0.001321,0.001667,0.006312,-0.000881,-0.005605,-0.001924,-0.003114,0.001104,-0.000508,0.003057,-0.002689,-0.001396,0.003656,0.005960,-0.002001,0.000163,0.004488,0.000478,-0.004722,-0.003670,-0.001763,-0.001070,-0.004516,0.003588,0.001043,0.002497,0.002489,0.004557,-0.000241,0.001000,0.002227,0.000948,0.003504,1.000000
-0.880121,-0.254777,-0.130939,0.069045,0.136458,0.076716,0.178360,0.014171,0.018305,0.029321,-0.013180,0.014699,0.016670,-0.041748,-0.072830,0.054172,0.000490,-0.054386,0.017295,-0.090545,-0.076123,0.070911,-0.063005,-0.058818,0.096833,0.068689,-0.009493,-0.052872,-0.024236,0.031881,0.007441,-0.009173,0.011833,0.010680,-0.001851,0.005346,-0.043807,-0.016227,-0.026463,0.020508,-0.009038,0.029225,0.017882,0.012783,0.001547,-0.002422,0.027790,-0.001799,-0.000573,0.002766,0.003874,-0.006029,-0.013724,0.024607,0.007835,-0.004426,-0.010059,-0.004258,-0.020187,-0.002729,-0.003802,0.002423,-0.022920,0.003189,0.006830,0.018020,0.004019,-0.018300,0.010646,0.005463,-0.001884,-0.004710,0.026241,-0.007478,-0.009505,-0.002243,0.004036,0.007425,0.017441,-0.012607,0.014451,0.012712,-0.011346,-0.005219,0.011262,0.012475,0.016996,0.021442,-0.003059,-0.015238,0.012796,0.014191,-0.000792,-0.006350,-0.001716,-0.028626,-0.013502,-0.015829,-0.010924,0.001888,0.002856,0.014903,-0.002303,-0.005359,-0.003728,0.004799,-0.005399,-0.002096,0.006760,-0.009485,0.009853,0.000238,0.009891,-0.008309,-0.006452,-0.004784,-0.008319,0.009122,0.000315,0.004020,-0.014639,0.004136,-0.005067,0.011610,-0.001424,-0.023299,-0.011992,-0.009090,0.000524,-0.011297,-0.014574,-0.002718,0.006697,-0.004842,-0.000480,0.013424,0.012536,-0.001621,0.007878,0.008868,-0.012371,0.009681,0.003230,0.002635,0.002940,0.001067,-0.007556,0.002278,-0.001790,0.001639,0.001915,-0.007179,0.005907,-0.003671,-0.006225,-0.002216,-0.002227,0.002029,-0.004981,-0.001768,-0.006083,-0.006733,0.001529,-0.006885,-0.009195,-0.010008,0.014254,-0.005138,-0.002197,0.004575,-0.002155,0.007248,0.006750,0.006276,-0.002146,0.005917,-0.000154,-0.002633,-0.012387,-0.000563,-0.000298,0.002014,-0.001921,0.001877,-0.002008,0.006033,0.004757,-0.002716,-0.006594,-0.000551,-0.007340,0.009076,-0.001286,-0.003722,0.004419,0.012761,-0.011838,-0.005258,0.017799,0.002807,-0.002901,-0.003503,-0.004078,0.012593,-0.003409,-0.006083,-0.005686,0.000158,-0.004789,0.003617,-0.006805,0.003508,-0.004217,-0.006974,0.005602,0.001827,-0.003051,-0.001895,0.000080,0.008270,0.003535,-0.005052,-0.011440,-0.002363,0.002328,0.009219,0.004989,0.009086,-0.002115,-0.006376,-0.013761,-0.002651,0.000858,-0.001008,-0.007766,-0.011085,-0.003396,0.004070,-0.010674,-0.006050,-0.001122,0.004384,-0.000294,-0.002004,0.005582,-0.003333,0.003318,0.005667,-0.004651,-0.000319,-0.008158,-0.003932,-0.005506,0.008163,-0.001530,-0.010500,0.004451,0.001444,-0.007456,-0.002400,0.001773,-0.004257,0.003361,0.004753,0.001864,-0.012915,0.003859,-0.001847,0.004558,0.003142,0.000916,0.004743,0.000540,-0.000692,0.004731,-0.002429,0.004262,-0.001993,-0.002627,-0.001873,-0.000385,0.003892,-0.004181,0.002363,0.007690,-0.000040,-0.004435,0.004415,0.002826,0.003337,-0.001550,0.000433,0.004757,0.002256,-0.001919,-0.008863,0.003439,-0.000112,0.002130,0.000712,1.000000
-0.952004,-0.148526,-0.079131,-0.001878,0.025395,-0.032119,0.124438,-0.048225,0.054196,-0.061939,-0.039147,0.018324,-0.021458,-0.010277,-0.031661,-0.004829,0.018996,0.015983,-0.010485,-0.008957,-0.040349,0.084371,-0.025536,0.006423,0.101819,0.046828,0.002230,-0.002099,0.002617,0.016480,-0.007825,0.010810,0.031344,-0.010103,-0.012945,0.012804,-0.014017,-0.001957,0.011796,-0.004145,-0.000105,-0.016972,0.004665,0.025828,0.004556,-0.015543,0.002982,-0.001606,0.008271,0.002544,0.019801,-0.021747,-0.003300,0.008894,-0.001087,-0.017656,-0.012822,-0.008296,-0.006508,-0.000829,0.018036,-0.010519,-0.030762,-0.003643,-0.004787,0.011317,0.000771,-0.004564,0.014007,0.001197,0.009101,-0.005090,0.007628,-0.025128,0.001757,-0.003042,-0.000012,0.012373,0.017756,-0.017919,0.011444,-0.003685,-0.008669,-0.005483,-0.007152,0.007816,0.011631,-0.001150,0.005506,-0.012577,0.006983,-0.006873,-0.004467,-0.012970,-0.000925,-0.004450,-0.012618,-0.005797,-0.003866,-0.001490,-0.002501,0.014853,-0.001632,-0.002045,-0.004698,0.002978,-0.007012,0.007519,0.005035,0.001792,0.008469,-0.011168,-0.003156,-0.003538,-0.008841,-0.005038,-0.005706,0.003651,-0.000574,0.007313,-0.002385,0.004085,-0.006682,0.000647,0.003569,-0.016478,-0.009937,-0.009093,0.007787,-0.002075,0.002596,-0.007958,0.005159,-0.008169,0.005608,-0.004847,-0.000808,0.004185,0.003881,-0.000950,-0.000553,0.004529,0.000442,-0.004858,0.000448,0.002312,-0.001442,0.006164,0.001568,-0.000952,0.003107,0.000707,-0.000388,-0.001095,0.000568,-0.000181,-0.001533,0.004792,-0.002009,-0.000601,0.000542,0.000094,0.002680,0.000258,-0.001344,0.002379,0.005761,0.001256,0.000009,-0.008026,-0.002599,-0.002130,0.005521,0.004719,-0.001400,0.003611,0.002987,-0.002764,-0.004222,-0.000182,0.001957,-0.007016,0.003654,0.006501,0.000576,0.000516,-0.001469,0.001371,-0.001609,-0.003308,-0.007991,0.004476,0.004692,-0.000129,0.006699,0.006435,-0.000510,0.001162,0.000780,-0.007611,0.002581,0.000737,-0.003028,-0.001721,0.001668,-0.006816,-0.000524,0.002404,-0.002143,0.002051,-0.005894,0.002956,0.003639,-0.002776,0.002444,0.001884,-0.007302,-0.002086,-0.004223,0.003176,-0.002674,-0.003429,-0.001895,-0.001429,0.002254,-0.002666,-0.003141,0.002532,-0.001108,-0.003807,0.001534,0.000499,-0.001116,-0.001611,-0.003732,-0.002017,-0.006497,-0.000978,-0.005834,-0.000305,0.002562,0.002206,0.000399,0.000654,-0.003331,-0.001977,0.001142,0.005798,-0.002707,0.000743,-0.001893,0.000796,0.003149,0.001199,0.001197,-0.003860,0.002935,0.000787,-0.002327,-0.000252,0.001871,-0.001397,-0.002473,0.004360,0.003251,-0.001928,0.005384,-0.000687,0.001868,-0.000023,0.002637,-0.000952,-0.002012,-0.005375,0.002588,0.001888,-0.003088,0.000651,0.002251,-0.000776,-0.002988,-0.000776,-0.002064,0.002827,0.003032,-0.000434,-0.001018,-0.002985,0.001005,-0.000520,0.001027,0.003215,0.000930,0.000515,-0.001467,0.002283,-0.002678,-0.000073,0.000919,0.001356,1.000000
-0.891393,0.114407,-0.175392,0.142693,0.178066,0.094468,0.136071,-0.010206,0.026364,-0.035049,-0.048940,-0.037912,-0.058258,-0.003499,-0.024501,0.006559,-0.066514,-0.043120,0.012943,-0.053766,-0.048997,0.112207,-0.029400,-0.060575,0.085090,0.098619,0.027550,-0.039897,0.003131,0.020872,0.015163,-0.040373,0.010578,-0.024579,0.002014,0.023009,-0.018238,-0.033778,0.013526,0.027441,-0.028337,0.013982,0.009559,-0.000723,-0.003652,-0.030081,0.014121,-0.003664,-0.005557,0.008623,0.010244,-0.035303,-0.003162,0.033766,0.000994,0.004783,-0.017573,0.019438,-0.018926,0.000665,-0.001246,-0.013885,-0.014586,-0.000964,-0.003937,0.016797,0.003585,-0.005137,0.008517,0.002153,0.001331,-0.002111,0.007541,-0.001095,-0.001520,-0.002094,-0.002499,0.009767,0.024447,-0.007156,0.001236,-0.005447,-0.004530,-0.002518,0.002506,0.019746,0.032055,0.002642,-0.000492,-0.027002,0.001239,0.006231,-0.006295,0.004459,-0.008004,-0.020089,-0.008517,-0.018622,-0.012253,0.003872,-0.009838,0.023658,-0.005197,0.007654,-0.003541,-0.009027,-0.004915,0.003234,0.003858,-0.006942,0.008112,-0.005854,0.001537,0.005474,-0.003735,0.003595,0.002288,-0.002594,-0.006634,0.013580,-0.001574,0.008017,-0.004880,0.004752,0.006540,-0.008862,-0.016392,-0.020843,-0.004821,-0.000581,-0.005666,-0.010307,0.012197,0.005752,0.008146,-0.003233,0.005665,-0.008685,-0.007328,0.000003,-0.008414,-0.002510,0.008832,0.005250,-0.001911,0.007524,-0.000275,0.001674,-0.003460,0.006369,0.005474,0.000283,0.008913,-0.008097,0.003902,-0.004874,0.003554,0.005862,-0.008613,-0.000183,-0.006949,-0.001981,-0.004248,0.002331,-0.009984,-0.008972,0.009525,0.002625,0.009654,-0.001378,0.005865,0.009942,0.007268,0.015827,0.001515,0.012075,0.004233,-0.006710,-0.002732,0.005702,-0.000415,-0.002583,0.003280,-0.003636,0.000244,0.010059,-0.001495,-0.008370,-0.005400,-0.000770,-0.004479,0.006369,0.001441,-0.004432,0.002384,0.007389,-0.004002,0.000288,0.007748,-0.012998,-0.004191,-0.005322,-0.001596,-0.002636,0.006862,-0.008454,-0.003919,0.000394,-0.001074,0.002931,0.001374,0.009354,0.006907,-0.001367,0.000635,0.000532,0.000551,-0.002088,-0.004567,0.001225,0.001417,-0.009569,-0.001938,-0.000896,-0.002500,0.002227,0.009502,0.009198,-0.001699,-0.004372,-0.000956,0.000901,-0.002332,0.003208,-0.004412,0.000274,-0.002397,-0.003364,-0.011546,-0.002291,0.000124,0.002700,0.005743,-0.004301,-0.003642,0.000712,0.007900,-0.002755,0.002249,0.007172,0.001384,0.000078,-0.004311,0.001630,-0.000707,-0.003475,-0.002365,0.000822,0.000321,0.004340,0.007416,-0.006749,-0.005767,0.005104,0.002687,-0.005131,0.006640,-0.002771,-0.002395,0.006416,-0.004699,0.000286,-0.000586,-0.001998,0.003339,-0.003850,0.000954,0.000692,0.004542,0.002596,0.003500,-0.002743,0.000026,0.007040,0.003925,-0.000846,0.003697,0.002124,0.000913,-0.002216,0.007893,0.003083,0.003142,-0.007493,0.004535,-0.005433,-0.002877,-0.003281,-0.004618,0.003319,2.000000
-0.842216,0.099242,-0.192310,0.211928,0.253361,0.068874,0.120947,0.004562,0.102414,-0.043819,-0.049617,-0.011265,0.024774,-0.060311,-0.025052,0.062699,0.003149,-0.017558,-0.057207,-0.064528,-0.063638,0.154566,-0.027418,-0.054536,0.081404,0.079991,0.043502,-0.006474,0.020850,0.056099,0.009083,-0.007913,0.035247,-0.052347,-0.039599,-0.013839,-0.032595,0.006168,0.017849,0.028405,-0.017618,0.022057,0.013084,-0.010777,0.034642,0.020400,0.012953,-0.000092,-0.001515,-0.001796,0.020466,-0.027082,-0.004822,0.015869,-0.005466,-0.012725,-0.031655,0.032867,-0.003439,-0.012127,-0.009141,-0.003089,-0.022280,-0.011694,0.004852,0.017903,-0.003044,0.001817,0.006752,-0.006698,0.005580,0.032445,0.003075,-0.027825,0.008487,-0.006026,-0.008012,0.011180,0.026845,-0.006641,0.023170,-0.011467,-0.009607,-0.001811,0.026696,0.010390,0.026917,0.009204,0.003422,-0.013074,-0.006938,-0.001573,-0.005267,0.000612,-0.001446,-0.018829,-0.001770,-0.022114,-0.018968,-0.004567,0.004996,0.019972,-0.009947,-0.004253,-0.011667,-0.009863,-0.004043,-0.001292,0.018573,0.005035,-0.002161,0.004355,0.001431,0.001890,-0.007297,-0.011406,-0.008081,-0.016879,-0.000440,0.005680,-0.004645,-0.001287,-0.004192,0.007840,0.000786,-0.016759,-0.018326,-0.008229,-0.003757,-0.007694,-0.018883,0.000798,-0.006291,0.015499,0.007367,-0.000829,-0.002234,-0.001691,-0.003076,-0.002011,-0.013787,-0.000060,0.009716,0.017284,-0.008263,0.005307,0.004698,0.003422,0.004948,0.008574,0.014210,-0.005304,0.003786,-0.000486,0.007418,0.008914,-0.004629,-0.005887,0.001904,-0.011901,-0.006223,-0.021996,-0.002603,-0.008795,-0.000262,-0.008664,0.003218,-0.001492,-0.002128,-0.005436,0.000748,-0.002544,0.009511,0.006872,-0.001816,0.008492,0.001012,-0.001014,-0.016268,-0.003540,0.003077,-0.005949,-0.011408,-0.006462,-0.000373,0.000009,-0.003041,0.006923,0.006782,-0.009568,-0.004710,0.004348,-0.002470,-0.003547,0.001622,0.021493,0.004124,-0.002272,0.004608,-0.003120,0.013246,0.003893,-0.004216,0.016662,0.003545,-0.007128,0.000841,-0.007166,0.008134,-0.003529,-0.000123,0.002792,0.005051,-0.001768,0.006263,0.000368,-0.000078,-0.012945,0.006119,0.003117,-0.000424,-0.005458,-0.001547,-0.002069,-0.001966,0.001542,0.016170,0.009709,0.002452,-0.008864,-0.011226,0.001314,0.000965,-0.001158,-0.003856,-0.007800,-0.016473,-0.000924,0.001957,0.006392,0.002221,0.015098,0.004726,0.001653,-0.007810,0.003719,0.016212,-0.002288,-0.004705,0.001059,-0.001344,-0.005683,0.002475,0.010868,0.004582,0.000830,0.005405,0.002916,0.001231,-0.005254,0.003768,-0.004396,-0.003276,0.009463,-0.005010,-0.013819,0.002266,-0.003478,0.004695,-0.001285,0.001203,-0.003411,-0.003437,0.001820,-0.002801,0.003515,-0.001943,0.002008,-0.001266,0.003082,-0.001944,-0.000265,-0.007744,-0.001096,0.007657,-0.000039,0.002774,0.001214,0.000328,0.002189,0.001174,-0.004257,-0.004809,-0.001720,0.001759,0.008828,-0.008177,0.002923,0.012186,0.001865,2.000000
-0.880031,0.089428,-0.324780,0.049976,0.131500,0.085711,0.154348,-0.034225,0.039663,-0.067483,-0.005344,-0.034492,-0.042413,-0.020342,-0.044020,0.040934,-0.017582,-0.010912,-0.034437,-0.058790,-0.032588,0.080087,-0.029921,-0.059806,0.073729,0.036166,0.035893,-0.011870,0.014953,0.052387,0.007835,-0.009419,0.035956,-0.002203,-0.009127,-0.015191,-0.054765,0.007103,0.005024,0.007194,-0.008719,0.005778,0.004562,-0.000791,0.027296,0.017389,0.010685,-0.029895,0.000716,-0.002492,-0.002171,-0.030192,-0.002577,0.031207,0.011487,0.006188,-0.020486,0.004690,-0.016275,0.018459,-0.023970,0.002157,-0.021675,-0.009431,0.008141,0.013235,-0.009955,-0.011446,-0.003329,0.012735,0.010827,0.003623,0.009021,-0.013890,0.001216,0.008441,-0.006810,0.001523,-0.000543,-0.003301,0.014010,0.008626,-0.002624,0.002450,0.005757,0.001106,0.011355,0.003113,-0.009551,-0.016716,-0.001920,0.004879,-0.012019,0.005620,0.001447,-0.022466,-0.010602,-0.019445,0.001939,0.005067,0.005729,0.017937,0.001854,0.005218,0.005538,-0.001474,-0.002294,-0.002142,0.011427,-0.002671,0.006893,0.001416,0.007875,-0.009291,-0.009300,-0.003748,-0.004180,-0.003099,-0.002251,0.005138,-0.001939,-0.007537,-0.003634,-0.002447,0.001712,-0.013019,-0.005519,-0.006159,-0.007156,-0.003559,-0.001068,-0.005434,0.006712,-0.003500,0.010195,0.002097,-0.001804,-0.000663,-0.000507,0.002602,0.001212,0.012607,-0.003411,0.006716,-0.004315,0.002182,-0.003909,-0.004910,0.000064,0.007770,0.004048,-0.005291,-0.005316,0.000204,-0.002758,-0.004589,-0.000669,0.006921,-0.000215,0.004364,-0.005988,-0.001904,-0.000598,0.007655,0.000421,0.001912,0.004021,0.000647,-0.000438,-0.002371,0.000902,0.002066,0.000787,0.003405,0.002497,0.006496,0.005373,-0.003735,-0.005598,0.004922,-0.004306,-0.004473,-0.002747,0.006435,-0.002723,0.004673,-0.003031,0.004858,-0.006960,-0.004657,0.000432,0.007057,-0.005241,-0.001959,0.003643,0.001814,0.000711,0.002657,0.006224,-0.005277,0.000246,-0.004633,-0.000503,0.004209,0.004061,0.000195,0.000445,-0.000965,0.000026,0.001825,0.004237,0.006458,0.002042,-0.005297,-0.002743,0.002417,-0.001524,-0.003751,0.001684,0.006387,-0.001209,-0.004538,-0.002273,0.007413,-0.004142,-0.005705,0.003696,0.000707,0.001252,-0.003590,0.003205,0.002980,0.006132,-0.001723,0.000395,-0.003468,-0.004215,0.001153,-0.005703,-0.003084,0.004293,0.001381,0.001135,0.000885,0.004101,-0.001940,0.001244,0.005563,-0.002909,0.000994,0.000490,0.000888,-0.001991,0.007328,0.000100,-0.003930,0.003800,0.005825,0.003632,0.000038,0.005824,-0.007044,-0.003409,-0.000608,0.000978,-0.005104,0.004688,0.003784,0.003334,0.007303,0.003827,-0.003585,-0.004795,-0.003411,-0.003647,0.003147,0.000983,-0.001628,0.002362,0.003704,-0.002150,0.000616,0.001703,0.007355,0.003466,0.005848,-0.004526,0.004881,0.003853,0.002945,0.001786,0.002151,0.002583,-0.004213,0.002998,-0.002793,-0.001864,0.003022,-0.004234,0.000326,2.000000
-0.897626,0.109591,-0.183068,0.015344,0.138046,0.043883,0.134277,0.053726,-0.025399,-0.072913,-0.041709,-0.009688,-0.035481,0.013425,-0.058439,0.027268,0.001564,-0.097551,0.003566,-0.077233,-0.037856,0.134999,-0.038797,-0.066322,0.067928,0.072769,0.056881,-0.047668,0.008029,0.034064,-0.003754,-0.006070,0.059801,-0.022235,-0.029261,0.006371,-0.039688,0.017691,0.025562,-0.008659,-0.027476,0.038835,0.000840,-0.007926,0.006625,-0.031032,0.030290,-0.013591,-0.012168,-0.004587,0.002876,-0.049435,0.015910,0.002589,0.010798,0.014383,-0.033130,-0.003386,-0.013867,0.004900,-0.013819,0.001243,-0.004664,-0.014053,-0.012718,0.013420,-0.008598,-0.021487,0.015391,0.010891,0.024718,-0.013338,0.008118,-0.019500,0.000453,0.011453,-0.012381,0.014095,0.012249,-0.011583,0.026395,0.010888,0.004775,-0.002417,-0.000319,0.005931,0.012162,0.024704,0.016668,-0.014336,0.008588,0.006244,-0.002724,0.001539,-0.006600,-0.013288,-0.017098,-0.019458,-0.010561,-0.007627,0.002773,0.023406,-0.001433,0.008263,-0.002171,-0.017372,0.001231,0.001157,0.000675,-0.017556,0.012118,0.002524,0.004719,0.014888,-0.016873,-0.007587,-0.011983,-0.004963,-0.014539,0.008958,-0.021909,-0.005278,0.002348,0.001408,0.007742,-0.016717,-0.021477,-0.019257,0.004824,-0.008178,-0.011923,-0.009209,0.020289,-0.004835,0.003218,-0.003705,-0.009907,-0.001766,-0.009349,-0.010773,-0.018786,-0.009618,0.010919,0.011236,-0.001773,0.006726,-0.000311,0.004970,0.005231,-0.002627,0.012239,-0.003706,0.000985,-0.007635,0.004675,-0.019064,-0.005530,0.004446,0.000145,-0.001357,-0.007010,0.012559,-0.003192,0.008450,-0.001395,-0.005185,0.006495,0.008811,0.000272,-0.000328,0.007034,-0.002078,0.003559,0.007698,-0.003524,0.010975,-0.007151,-0.014385,-0.010514,0.007464,0.003659,-0.011699,0.001814,0.009605,-0.004700,0.004421,0.000197,-0.002234,-0.004602,-0.004966,-0.013129,0.014910,0.013517,0.000411,-0.001566,0.013738,0.002806,0.002083,0.012414,-0.002623,-0.001922,0.000428,-0.007210,0.003047,0.003801,-0.007518,-0.005109,-0.007723,0.007795,0.001886,0.003455,0.011413,0.006181,-0.001928,0.001900,0.005500,-0.003737,-0.002705,-0.006167,0.004220,-0.001360,-0.006140,-0.008139,0.001585,-0.007591,-0.000000,0.007873,-0.003506,-0.005754,-0.009087,-0.002353,-0.001310,-0.001578,-0.002931,-0.006658,-0.006269,-0.005970,-0.008048,-0.012926,-0.003946,0.007028,-0.001192,0.001424,-0.006002,-0.002201,0.002360,0.019266,-0.000767,-0.002867,0.001573,-0.002131,0.001016,-0.000900,0.005205,-0.002211,-0.001902,0.004299,0.008908,-0.012782,-0.001690,-0.001722,-0.009244,-0.002067,0.004675,-0.003190,-0.001081,0.010019,-0.000862,0.000504,0.002920,0.001103,-0.008320,-0.002228,-0.000931,-0.002451,0.001644,0.004887,-0.004082,0.001132,0.006110,0.001853,-0.007611,-0.003275,0.001793,0.002585,0.006704,-0.002535,0.004568,0.003353,-0.001825,0.001012,0.010929,0.004846,-0.001310,-0.003760,-0.003169,-0.002856,0.000864,-0.005828,-0.001468,2.000000
-0.899280,0.088704,-0.200937,0.018469,0.151861,0.152907,0.092364,-0.054620,0.027996,0.018861,-0.077958,-0.022617,-0.078662,-0.017367,-0.039033,0.007054,0.034329,0.000110,-0.021485,-0.079497,-0.046875,0.128698,-0.031341,-0.064030,0.092192,0.023742,0.018659,-0.034445,-0.016028,0.016974,-0.004466,0.006156,0.021204,-0.011288,0.002542,0.004554,-0.037796,0.004394,0.038292,0.010440,-0.022361,0.031018,0.015594,0.009975,0.021883,-0.000344,0.016682,-0.002617,0.010444,0.009566,-0.004152,-0.039310,0.012217,0.018738,-0.004263,0.000174,-0.025710,0.017946,-0.018569,0.011572,-0.013061,-0.009639,-0.012348,0.003493,-0.000906,-0.002629,0.010796,-0.018929,0.030268,-0.002519,0.018341,-0.010801,0.014773,-0.016337,-0.007785,-0.003074,-0.004624,0.003277,0.025209,-0.010618,0.009495,-0.007610,-0.002789,-0.002486,0.014647,0.008793,0.018755,0.003722,0.010023,-0.022980,-0.001971,0.011768,-0.019586,-0.000223,-0.014989,-0.015793,-0.014596,-0.014408,-0.006595,-0.004559,-0.000111,0.024061,-0.017819,0.012456,0.001422,-0.013586,0.016715,-0.002056,0.014173,-0.011182,0.016804,-0.005974,0.008792,0.005077,-0.015235,0.007388,-0.013669,-0.006449,0.002477,0.011057,0.002030,-0.004758,-0.011875,-0.005187,-0.008228,-0.011334,-0.011197,-0.014046,-0.002122,-0.009229,-0.001344,-0.003848,0.014485,-0.000268,0.010234,-0.007632,-0.007222,-0.005809,-0.007254,-0.002640,-0.014661,0.003947,0.003153,0.013486,0.003345,0.005351,0.001640,-0.001294,-0.007074,-0.001048,0.016626,0.004399,-0.003100,-0.009669,0.001458,0.000121,-0.000977,0.011474,-0.006742,-0.003620,-0.004116,-0.008660,0.005832,0.010122,-0.009917,-0.014669,0.005456,-0.004136,0.004246,-0.000064,-0.002507,0.005491,0.011175,0.010196,0.002104,0.013787,0.003106,-0.007786,-0.001329,-0.001067,0.005055,-0.002698,0.008466,0.002039,0.005943,0.003686,0.004500,0.004538,-0.006313,-0.006467,-0.011857,0.000893,-0.000582,0.004794,0.000403,0.010349,-0.003448,0.001114,0.010951,-0.003828,0.006602,0.002244,-0.003423,0.003942,-0.004557,-0.007563,-0.003018,0.004453,0.003419,-0.001327,-0.008389,0.002803,0.006284,-0.001093,-0.002612,0.004608,-0.002237,-0.007150,-0.000738,0.013416,0.009172,-0.004090,-0.005001,-0.004184,-0.004546,-0.002700,0.006434,0.007326,-0.004898,-0.004766,-0.005194,-0.001791,0.000909,-0.003166,-0.001356,-0.010820,-0.004569,0.000594,-0.011019,0.001013,0.005307,0.005493,0.004626,-0.002087,0.005791,-0.001940,0.008981,0.002289,0.001329,0.005826,-0.000810,-0.002291,-0.001775,0.006851,0.002109,-0.002389,-0.001467,0.007359,-0.004683,-0.000102,-0.004352,-0.001420,-0.001663,0.006209,0.003272,-0.002062,0.004950,-0.005978,0.002513,0.000917,0.001348,-0.001835,-0.002448,-0.011787,-0.002418,-0.002091,0.000103,-0.008113,-0.004132,-0.000994,-0.001164,0.001863,-0.006453,-0.002892,-0.002488,-0.002881,0.002091,-0.000217,0.001670,-0.003345,0.004964,-0.005687,0.001556,-0.002018,0.007728,0.004745,0.001654,-0.002759,-0.006378,0.002746,2.000000
-0.891419,0.127154,-0.127009,0.166330,0.171729,0.044834,0.123507,-0.006465,-0.039360,-0.032939,-0.056632,0.054506,0.043774,-0.035170,-0.069304,0.069758,0.006081,-0.027545,-0.012435,-0.045235,-0.090215,0.117929,-0.055675,-0.033573,0.102633,0.080133,0.040959,-0.011939,-0.002810,-0.001620,-0.005359,-0.006972,0.002683,-0.033373,-0.036479,0.003098,-0.054802,-0.011782,0.007329,0.013387,-0.032654,0.014374,0.014022,0.018658,0.020711,-0.028365,0.018498,-0.004232,-0.005572,0.012962,0.008343,-0.032870,0.013809,0.042871,-0.004471,-0.002731,-0.035401,0.000733,-0.022905,-0.009612,-0.007648,-0.001580,-0.033881,-0.000184,-0.015942,0.008102,0.009196,-0.003708,0.011933,-0.008024,0.019188,-0.000700,0.008661,-0.022778,0.001091,-0.005038,-0.016930,0.007120,0.016842,-0.005359,0.014189,0.005390,-0.006082,-0.012838,0.017681,0.001081,0.019814,0.008186,-0.012198,-0.015427,0.004757,0.011086,-0.010147,0.004268,-0.003710,-0.019752,-0.008252,-0.019443,-0.014788,-0.009215,-0.004007,0.013248,-0.007425,0.017819,0.001015,-0.006362,0.003630,-0.003839,0.010191,-0.002704,0.008211,0.013634,0.006687,0.002643,-0.015235,-0.001810,-0.009974,0.011125,-0.007210,0.001688,0.000776,0.002782,-0.002163,-0.008236,0.001536,-0.003690,-0.005328,-0.009975,-0.000059,-0.008124,0.000593,-0.013047,0.017377,-0.006717,0.017724,0.005206,0.005709,0.004182,0.003732,0.001890,-0.000208,0.002648,0.005309,0.004776,0.002820,0.006373,0.001746,0.001084,0.000286,0.011188,0.018236,0.006677,0.009464,-0.004842,0.005437,0.000859,-0.001670,0.011980,-0.008466,0.001666,0.004647,-0.003232,-0.000244,0.001555,-0.004576,-0.013240,0.014950,0.004134,0.000584,-0.005383,-0.005968,-0.005291,0.005095,0.008992,0.008371,0.007927,-0.001674,-0.010756,-0.004155,-0.007250,0.001459,0.005825,-0.000516,-0.004353,0.007807,0.002615,0.000680,0.000154,-0.003138,-0.006942,-0.012851,0.003298,0.002396,-0.006338,0.001125,0.004524,-0.000013,0.000461,0.015306,-0.003371,-0.004494,0.004196,-0.001294,0.004937,-0.001984,-0.013881,-0.003081,0.003552,0.006826,-0.006048,0.004275,0.008394,0.001957,-0.000478,0.000067,0.000271,-0.007579,-0.000837,0.000343,0.009774,0.004769,-0.011401,-0.005936,0.001119,-0.003706,-0.008658,0.001210,0.004823,-0.003046,-0.007858,-0.003867,-0.008116,-0.001687,0.000614,-0.006766,-0.005319,-0.004884,-0.003790,-0.006552,-0.004299,-0.003298,0.000643,0.008303,-0.003638,0.000832,-0.002382,0.002315,0.005453,0.003301,-0.000891,-0.000715,-0.000012,-0.004227,0.007470,0.002446,0.000077,0.002152,0.004635,-0.005282,0.002337,0.010494,-0.008911,0.001724,0.004508,0.004462,-0.008744,0.008786,-0.001058,0.001456,0.005219,0.005692,-0.003377,-0.003002,-0.008624,0.003492,0.000416,-0.004790,-0.006639,-0.001490,0.003706,0.001217,-0.004193,-0.001161,0.006692,0.005280,-0.001027,-0.005429,0.005243,-0.003209,0.002088,0.004978,-0.002893,0.001353,0.003204,0.004116,0.000494,-0.000117,-0.000798,0.003753,-0.000916,2.000000
-0.963153,-0.084908,-0.047091,-0.086354,0.052848,-0.014058,0.095855,0.012465,0.020834,-0.078106,0.069123,-0.042149,-0.025874,-0.005426,-0.013017,0.012557,-0.022732,-0.021694,-0.026526,-0.021430,-0.015717,0.061096,-0.031409,-0.034106,0.067980,0.037666,0.007818,-0.015509,-0.003838,0.010589,-0.017376,0.026703,0.011410,-0.018407,-0.007966,-0.000797,-0.026661,0.008026,0.005966,0.021898,-0.011568,0.018445,0.028314,-0.011252,0.029767,-0.007898,0.006950,-0.012863,0.000708,0.006388,-0.007813,-0.023515,0.008237,0.023847,-0.003668,0.003629,-0.012129,0.000834,-0.009765,0.006162,-0.015895,-0.016354,-0.004914,-0.008774,-0.022353,0.003507,0.009488,-0.000122,0.003819,-0.004870,0.009174,0.002662,0.001423,-0.018591,-0.001614,0.006689,-0.011822,-0.004207,0.000104,-0.002591,0.006387,0.001828,-0.005832,-0.006242,0.018413,0.007290,0.018463,0.005105,-0.008814,-0.001420,-0.002472,-0.003969,-0.009872,-0.007949,-0.012023,-0.007507,-0.001032,-0.010741,-0.005723,-0.010995,-0.010259,0.013585,-0.004003,-0.005210,0.000141,-0.001914,0.005959,0.001557,0.004815,-0.000952,-0.000913,-0.006242,-0.003700,-0.004745,-0.002917,-0.010768,-0.007044,0.005680,-0.003597,0.002606,-0.005083,0.007437,0.004569,-0.003725,0.002760,-0.006028,-0.005316,-0.001023,-0.002004,-0.004523,-0.018247,-0.009439,0.010247,-0.001670,0.002181,-0.004905,0.005801,0.001685,-0.003174,-0.001786,-0.007075,0.005284,-0.002076,0.003504,-0.003760,0.003743,-0.000413,-0.000948,-0.003777,0.005133,0.007852,-0.000422,0.009412,-0.002682,0.008004,0.000646,0.004395,0.005294,-0.007314,-0.002585,-0.008706,0.000868,-0.003565,-0.001853,-0.003831,-0.000985,0.007532,-0.001868,-0.004563,-0.001931,0.000677,0.002203,0.005533,0.008337,0.001117,0.007385,-0.003506,0.001432,-0.006091,0.003822,0.004938,-0.003032,0.001522,0.000376,0.002126,0.001599,-0.000884,-0.003396,-0.000993,-0.000935,0.002073,0.007706,-0.005679,-0.006362,0.005911,-0.002677,-0.006529,-0.004146,0.006032,-0.003117,0.001581,0.004190,0.000090,0.001812,0.001913,-0.005348,-0.001683,-0.001289,-0.002901,0.003095,0.001585,0.007101,0.000310,-0.000864,-0.002203,0.000578,-0.006570,-0.002842,0.002823,0.001106,-0.001322,-0.007082,-0.006430,0.000135,-0.000813,-0.003153,0.008806,0.002549,-0.002227,-0.002180,-0.005669,-0.002615,-0.001104,0.000697,-0.003627,-0.006329,-0.001047,-0.002463,-0.006811,-0.005297,0.003124,0.002750,0.005340,-0.002969,0.001067,-0.001032,0.001539,-0.000978,0.004509,0.004026,-0.001477,-0.000795,-0.002114,0.003016,-0.000326,0.000345,0.001956,0.000990,-0.000320,0.000033,0.000596,-0.006047,-0.003037,-0.001079,-0.002228,-0.002172,0.001604,0.002733,0.000673,0.003000,0.003159,-0.004213,-0.002137,-0.000915,-0.002642,0.003990,0.002255,0.000721,-0.000958,0.000147,-0.002456,-0.002508,-0.003578,0.004221,0.001608,0.000665,-0.001300,-0.000770,0.002176,0.002096,-0.001960,0.006017,0.001704,0.000145,0.002295,0.001019,0.001448,0.000154,0.003791,0.000261,1.000000
